
System 1683.28 (MHz) duration 30 (sec) CPU avg. 166.59%
 CPU      Cycles     Instructions  CPI   Avg (%)  Max (%) 
  0   22379181817.0  6269721652.0  3.57   44.32    44.32  
  1    3396496870.0  1744049108.0  1.95    4.53     4.53  
  2    2239894845.0  943607586.0   2.37    5.77     5.77  
  3    3415765046.0  1750837002.0  1.95    4.55     4.55  
  4    7711997151.0  2214491853.0  3.48    9.20     9.20  
  5    5838032053.0  2322736006.0  2.51    7.79     7.79  
  6    9424322805.0  2829758084.0  3.33   11.41    11.41  
  7    348801966.0    74701016.0   4.67    0.47     0.47  
  8   13270380446.0  3666581584.0  3.62   17.23    17.23  
  9    2114638495.0  903507983.0   2.34    2.82     2.82  
  10   6960890883.0  2191373664.0  3.18   15.26    15.26  
  11   343966546.0    73846811.0   4.66    0.45     0.45  
  12  15934029864.0  4546035808.0  3.51   19.97    19.97  
  13   288776966.0    54182033.0   5.33    0.38     0.38  
  14  10053232998.0  2900306076.0  3.47   19.60    19.60  
  15   2128564264.0  925498918.0   2.30    2.88     2.88  
System 2477.11 (MHz) duration 30 (sec) CPU avg. 128.38%
 CPU      Cycles     Instructions  CPI   Avg (%)  Max (%) 
  0   19592530450.0  5433143444.0  3.61   26.36    26.36  
  1    3398707145.0  1718665580.0  1.98    4.15     4.15  
  2    9695753440.0  2864799489.0  3.38   13.43    13.43  
  3    3440906273.0  1751835504.0  1.96    4.82     4.82  
  4    5887001300.0  1738355799.0  3.39    7.02     7.02  
  5    3470870103.0  1740754827.0  1.99    4.86     4.86  
  6   13533783060.0  3829433700.0  3.53   16.43    16.43  
  7    339079661.0    71833113.0   4.72    0.45     0.45  
  8    6046346847.0  1829780055.0  3.30    8.66     8.66  
  9    2140869464.0  906787622.0   2.36    2.83     2.83  
  10  12705635490.0  3582247436.0  3.55   16.10    16.10  
  11   377250545.0    83133870.0   4.54    0.54     0.54  
  12   6066818848.0  2139078821.0  2.84    7.28     7.28  
  13   263154777.0    43725612.0   6.02    0.33     0.33  
  14   9517090265.0  2824938922.0  3.37   12.12    12.12  
  15   2185816728.0  931456674.0   2.35    2.98     2.98  
System 2414.45 (MHz) duration 30 (sec) CPU avg. 124.41%
 CPU      Cycles     Instructions  CPI   Avg (%)  Max (%) 
  0   13133493854.0  3680725782.0  3.57   18.13    18.13  
  1    3360799963.0  1698086245.0  1.98    5.40     5.40  
  2    8189370178.0  2461146497.0  3.33   10.89    10.89  
  3    3374609544.0  1718260374.0  1.96    5.19     5.19  
  4    5717194275.0  1797817325.0  3.18    6.86     6.86  
  5    3432368317.0  1719860733.0  2.00    4.70     4.70  
  6   10380609452.0  3020532657.0  3.44   12.79    12.79  
  7    265254676.0    62109824.0   4.27    0.38     0.38  
  8    9493217523.0  2769457809.0  3.43   11.51    11.51  
  9    2065600661.0  875239814.0   2.36    2.51     2.51  
  10   7087716095.0  2097595604.0  3.38   10.87    10.87  
  11   205518942.0    55389480.0   3.71    0.26     0.26  
  12  13996315271.0  4051581522.0  3.45   21.85    21.85  
  13   192997391.0    45502080.0   4.24    0.39     0.39  
  14   7583378957.0  2288670432.0  3.31    9.59     9.59  
  15   2095337049.0  896772790.0   2.34    3.09     3.09  
System 1904.06 (MHz) duration 30 (sec) CPU avg. 112.66%
 CPU      Cycles     Instructions  CPI   Avg (%)  Max (%) 
  0   11146671994.0  3188065035.0  3.50   19.51    19.51  
  1    3284334394.0  1680680705.0  1.95    4.73     4.73  
  2    4602855786.0  1551721393.0  2.97    5.67     5.67  
  3    3329741954.0  1704371231.0  1.95    5.45     5.45  
  4    6815535612.0  2183412847.0  3.12    8.12     8.12  
  5    3447662223.0  1731235166.0  1.99    4.68     4.68  
  6    8099792559.0  2435826539.0  3.33    9.73     9.73  
  7    205510874.0    48480067.0   4.24    0.29     0.29  
  8    6073051080.0  1755070675.0  3.46    7.38     7.38  
  9    2053118867.0  886220200.0   2.32    2.70     2.70  
  10  12650344088.0  3615415427.0  3.50   15.14    15.14  
  11   219945702.0    63841910.0   3.45    0.29     0.29  
  12  14183773011.0  4100256815.0  3.46   17.95    17.95  
  13   220190755.0    38772412.0   5.68    0.40     0.40  
  14   5216909677.0  1589607985.0  3.28    8.02     8.02  
  15   2034051186.0  886757375.0   2.29    2.57     2.57  
System 2728.51 (MHz) duration 30 (sec) CPU avg. 144.65%
 CPU      Cycles     Instructions  CPI   Avg (%)  Max (%) 
  0   12454983992.0  3736506366.0  3.33   15.22    15.22  
  1    3018131718.0  1505386259.0  2.00    4.83     4.83  
  2    8447198173.0  2614901346.0  3.23   10.91    10.91  
  3    3067229365.0  1527976908.0  2.01    4.15     4.15  
  4   10457425063.0  2967199744.0  3.52   12.46    12.46  
  5    3143828564.0  1548187028.0  2.03    7.23     7.23  
  6    9790668918.0  2913914416.0  3.36   11.77    11.77  
  7    277425375.0    57299912.0   4.84    0.40     0.40  
  8   10701997143.0  3050666162.0  3.51   13.81    13.81  
  9    1913633479.0  790716720.0   2.42    2.62     2.62  
  10   8736400902.0  2532846826.0  3.45   10.99    10.99  
  11   376338684.0    85904576.0   4.38    0.62     0.62  
  12  14920664741.0  4527828365.0  3.30   17.96    17.96  
  13   333351108.0    53238225.0   6.26    0.40     0.40  
  14  12867017214.0  3743646629.0  3.44   28.63    28.63  
  15   1963852127.0  812684869.0   2.42    2.66     2.66  
System 1495.31 (MHz) duration 30 (sec) CPU avg. 58.85%
 CPU     Cycles     Instructions  CPI   Avg (%)  Max (%) 
  0   3115144697.0  899892359.0   3.46    6.94     6.94  
  1   1854139096.0  813041588.0   2.28    2.74     2.74  
  2   1722714144.0  616792954.0   2.79    3.58     3.58  
  3   1909177594.0  831928832.0   2.29    2.57     2.57  
  4   2539439055.0  772727053.0   3.29    3.33     3.33  
  5   1913880455.0  831644188.0   2.30    2.63     2.63  
  6   6718352935.0  1970665606.0  3.41    8.01     8.01  
  7   232801761.0    48222631.0   4.83    0.41     0.41  
  8   9001263612.0  2560848762.0  3.51   10.80    10.80  
  9   1675315909.0  408136011.0   4.10    2.26     2.26  
  10  1723391997.0  707388154.0   2.44    2.18     2.18  
  11  362029750.0    82551543.0   4.39    0.43     0.43  
  12  2053583481.0  737604261.0   2.78    4.30     4.30  
  13  296905712.0    46452478.0   6.39    0.36     0.36  
  14  4313223024.0  1306638604.0  3.30    6.07     6.07  
  15  1661722341.0  423932149.0   3.92    2.23     2.23  
System 2266.09 (MHz) duration 30 (sec) CPU avg. 345.07%
 CPU      Cycles      Instructions  CPI   Avg (%)  Max (%) 
  0   28803220210.0  10196032177.0  2.82   42.37    42.37  
  1   12507683844.0   7442024002.0  1.68   20.95    20.95  
  2   17706607576.0   6650012730.0  2.66   31.17    31.17  
  3   12285718994.0   7394508113.0  1.66   16.78    16.78  
  4   25714347137.0   8677358471.0  2.96   33.00    33.00  
  5   12313220172.0   7364830491.0  1.67   16.81    16.81  
  6   26860306153.0   8966991602.0  3.00   32.92    32.92  
  7    351374528.0     80780146.0   4.35    0.48     0.48  
  8   16673878510.0   5649673102.0  2.95   19.85    19.85  
  9    6534220591.0   3840532562.0  1.70    8.50     8.50  
  10  26934383741.0   8979627323.0  3.00   39.35    39.35  
  11   429160255.0    106219941.0   4.04    0.95     0.95  
  12  25994788656.0   8774399534.0  2.96   32.31    32.31  
  13   358605698.0     87919784.0   4.08    0.45     0.45  
  14  26983245870.0   8999493721.0  3.00   37.05    37.05  
  15   6470435894.0   3830242256.0  1.69   12.13    12.13  
System 1919.38 (MHz) duration 30 (sec) CPU avg. 317.38%
 CPU      Cycles     Instructions  CPI   Avg (%)  Max (%) 
  0   24906068230.0  9824430336.0  2.54   43.25    43.25  
  1   12509769035.0  7484520936.0  1.67   15.99    15.99  
  2   18142562027.0  6481161217.0  2.80   33.00    33.00  
  3   12349357393.0  7454580441.0  1.66   20.37    20.37  
  4   17346592123.0  6271413304.0  2.77   23.64    23.64  
  5   12457297942.0  7468765030.0  1.67   16.24    16.24  
  6   15086627662.0  5581181413.0  2.70   18.16    18.16  
  7    366403042.0    68932165.0   5.32    0.65     0.65  
  8   11980383657.0  4933951021.0  2.43   14.28    14.28  
  9    7224518257.0  4021140836.0  1.80    9.12     9.12  
  10  19367251636.0  6640057296.0  2.92   23.48    23.48  
  11   392992084.0    96642646.0   4.07    0.83     0.83  
  12  18678680182.0  7449909550.0  2.51   44.90    44.90  
  13   291593594.0    81562685.0   3.58    0.56     0.56  
  14  20348599881.0  7377412112.0  2.76   43.06    43.06  
  15   6577113742.0  3897548772.0  1.69    9.85     9.85  
System 1678.20 (MHz) duration 30 (sec) CPU avg. 322.57%
 CPU      Cycles     Instructions  CPI   Avg (%)  Max (%) 
  0   24234300306.0  9481172522.0  2.56   48.14    48.14  
  1   12706445918.0  7297499396.0  1.74   26.49    26.49  
  2   24731310735.0  8352203281.0  2.96   49.58    49.58  
  3   12012213846.0  7133328106.0  1.68   19.95    19.95  
  4   16824462312.0  6322936145.0  2.66   21.79    21.79  
  5   12557451176.0  7228034924.0  1.74   15.94    15.94  
  6   14572490304.0  5777755566.0  2.52   17.55    17.55  
  7    382538159.0    68060062.0   5.62    0.65     0.65  
  8   11354851012.0  4389075564.0  2.59   13.53    13.53  
  9    7334674892.0  3913586534.0  1.87   12.00    12.00  
  10  17808190281.0  6614435189.0  2.69   21.74    21.74  
  11   389447339.0    92236096.0   4.22    0.85     0.85  
  12  15500370788.0  6085520181.0  2.55   26.89    26.89  
  13   326416556.0    80206214.0   4.07    0.44     0.44  
  14  14917569119.0  5138090885.0  2.90   39.12    39.12  
  15   6375937836.0  3718929079.0  1.71    7.93     7.93  
System 2740.78 (MHz) duration 30 (sec) CPU avg. 267.95%
 CPU      Cycles     Instructions  CPI   Avg (%)  Max (%) 
  0   15418100242.0  6677415963.0  2.31   18.75    18.75  
  1   11579413097.0  6852918368.0  1.69   19.41    19.41  
  2   13201203286.0  4737944854.0  2.79   16.05    16.05  
  3   11644090457.0  6865696579.0  1.70   16.70    16.70  
  4   14205939341.0  5499650232.0  2.58   20.18    20.18  
  5   11974686888.0  6915997851.0  1.73   16.60    16.60  
  6   16230021303.0  6616332109.0  2.45   19.54    19.54  
  7    272390590.0    49465058.0   5.51    0.41     0.41  
  8   15171812476.0  5266489970.0  2.88   18.07    18.07  
  9    6181471930.0  3540930293.0  1.75   16.30    16.30  
  10  20918665482.0  7251512334.0  2.88   26.54    26.54  
  11   405454761.0    91819951.0   4.42    0.52     0.52  
  12  21060153324.0  7358203049.0  2.86   31.48    31.48  
  13   370538803.0    86652709.0   4.28    0.44     0.44  
  14  14797070237.0  5663143116.0  2.61   33.11    33.11  
  15   6150047565.0  3554365721.0  1.73   13.84    13.84  
System 2246.56 (MHz) duration 30 (sec) CPU avg. 266.94%
 CPU      Cycles     Instructions  CPI   Avg (%)  Max (%) 
  0   24702454897.0  9762761449.0  2.53   36.65    36.65  
  1   11483794073.0  6573087757.0  1.75   15.74    15.74  
  2   17667887234.0  6847369206.0  2.58   23.02    23.02  
  3   11295146045.0  6537901553.0  1.73   15.06    15.06  
  4   14607172965.0  5505084117.0  2.65   21.47    21.47  
  5   11315107116.0  6494814776.0  1.74   14.51    14.51  
  6   15743541891.0  5705953519.0  2.76   18.76    18.76  
  7    293749909.0    63950085.0   4.59    0.38     0.38  
  8   18638793307.0  6892561606.0  2.70   24.03    24.03  
  9    5939921010.0  3333222209.0  1.78    9.92     9.92  
  10  13464258590.0  5799773966.0  2.32   16.67    16.67  
  11   428209359.0   101663919.0   4.21    0.54     0.54  
  12  22730385921.0  8755872780.0  2.60   43.40    43.40  
  13   355652840.0    87715354.0   4.05    0.52     0.52  
  14   9610494042.0  4710111470.0  2.04   18.26    18.26  
  15   5946763417.0  3359304133.0  1.77    8.01     8.01  
System 2485.08 (MHz) duration 30 (sec) CPU avg. 167.81%
 CPU      Cycles     Instructions  CPI   Avg (%)  Max (%) 
  0   14461138158.0  5603856894.0  2.58   19.40    19.40  
  1    6420755752.0  3358220478.0  1.91    7.65     7.65  
  2    6699921406.0  2454941223.0  2.73   12.36    12.36  
  3    6256366716.0  3268386634.0  1.91    8.00     8.00  
  4   11108782899.0  4107332073.0  2.70   15.32    15.32  
  5    5921305960.0  3071818427.0  1.93    7.95     7.95  
  6    5114603834.0  2370443866.0  2.16    6.15     6.15  
  7    526911611.0    91513560.0   5.76    0.69     0.69  
  8   10435468609.0  3615821992.0  2.89   12.43    12.43  
  9    3419559101.0  1576072591.0  2.17    4.13     4.13  
  10   8916346261.0  3136104737.0  2.84   10.90    10.90  
  11   272384515.0    54998759.0   4.95    0.44     0.44  
  12  17731102187.0  6453236760.0  2.75   37.81    37.81  
  13   263891603.0    61648317.0   4.28    0.36     0.36  
  14  12593206687.0  4473160097.0  2.82   19.84    19.84  
  15   3414831631.0  1597072478.0  2.14    4.40     4.40  
System 2738.75 (MHz) duration 30 (sec) CPU avg. 393.57%
 CPU      Cycles      Instructions  CPI   Avg (%)  Max (%) 
  0   26565610044.0  13800604187.0  1.92   32.33    32.33  
  1   22787599307.0  13997259510.0  1.63   31.62    31.62  
  2   24343776611.0  10102910683.0  2.41   31.60    31.60  
  3   22312103499.0  13888312873.0  1.61   31.65    31.65  
  4   17797938754.0   8202706301.0  2.17   21.19    21.19  
  5   22773364393.0  13949273135.0  1.63   32.66    32.66  
  6   20449915962.0   9273381143.0  2.21   24.99    24.99  
  7    377814840.0     93246671.0   4.05    0.45     0.45  
  8   15230440085.0   6930265022.0  2.20   18.13    18.13  
  9   12042429395.0   7290440688.0  1.65   17.84    17.84  
  10  26836738097.0  11093033480.0  2.42   36.05    36.05  
  11   422203817.0     96536806.0   4.37    0.56     0.56  
  12  25616784229.0  10799292872.0  2.37   69.67    69.67  
  13   392837370.0     97794139.0   4.02    0.48     0.48  
  14  22271578698.0   9568778842.0  2.33   29.77    29.77  
  15  11810431512.0   7279555231.0  1.62   14.58    14.58  
System 1875.39 (MHz) duration 30 (sec) CPU avg. 364.04%
 CPU      Cycles      Instructions  CPI   Avg (%)  Max (%) 
  0   26282687472.0  13274902728.0  1.98   46.72    46.72  
  1   21876664092.0  13518714331.0  1.62   29.28    29.28  
  2   18378396723.0   8563870980.0  2.15   26.45    26.45  
  3   21966572566.0  13535866333.0  1.62   28.77    28.77  
  4   25301382510.0  10614261758.0  2.38   34.89    34.89  
  5   21776690476.0  13447291693.0  1.62   29.03    29.03  
  6   14211472692.0   6581882651.0  2.16   17.56    17.56  
  7    334613424.0     90482831.0   3.70    0.41     0.41  
  8   21823243543.0   9475327187.0  2.30   26.02    26.02  
  9   11667258519.0   7052405526.0  1.65   13.98    13.98  
  10  16733570141.0   7863162180.0  2.13   22.14    22.14  
  11   464796262.0    104859125.0   4.43    0.58     0.58  
  12  24937729453.0  10504574048.0  2.37   33.14    33.14  
  13   342614060.0     85198836.0   4.02    0.44     0.44  
  14  23566338971.0   9892537056.0  2.38   39.17    39.17  
  15  11521521490.0   7063705802.0  1.63   15.48    15.48  
System 2242.03 (MHz) duration 30 (sec) CPU avg. 358.01%
 CPU      Cycles      Instructions  CPI   Avg (%)  Max (%) 
  0   46877351041.0  28197840197.0  1.66   69.69    69.69  
  1   21789648846.0  13408469456.0  1.63   33.48    33.48  
  2   10262684287.0   4974550795.0  2.06   12.59    12.59  
  3   21516504032.0  13348181310.0  1.61   26.09    26.09  
  4   17649537144.0   7159597013.0  2.47   37.41    37.41  
  5   21912370650.0  13402919996.0  1.63   28.36    28.36  
  6    278147984.0     75670751.0   3.68    0.33     0.33  
  7    434175057.0     91325385.0   4.75    0.70     0.70  
  8   15258843961.0   6470022427.0  2.36   18.84    18.84  
  9   12121741394.0   7131032558.0  1.70   16.62    16.62  
  10   9820535279.0   3917336642.0  2.51   16.28    16.28  
  11   395666626.0     99365754.0   3.98    0.55     0.55  
  12  23369309445.0  10033399835.0  2.33   52.06    52.06  
  13   316663171.0    100542652.0   3.15    0.38     0.38  
  14  16548481744.0   6872244016.0  2.41   30.24    30.24  
  15  11616899074.0   7038517507.0  1.65   14.36    14.36  
System 1987.97 (MHz) duration 30 (sec) CPU avg. 408.23%
 CPU      Cycles      Instructions  CPI   Avg (%)  Max (%) 
  0   34507192326.0  17965889257.0  1.92   57.86    57.86  
  1   21169705842.0  12755815390.0  1.66   35.72    35.72  
  2   16217569122.0   6669955059.0  2.43   28.63    28.63  
  3   21291563594.0  12774481067.0  1.67   30.75    30.75  
  4   16924726209.0   6835250086.0  2.48   37.79    37.79  
  5   20927638425.0  12644802008.0  1.66   30.99    30.99  
  6   23881199719.0   9429395352.0  2.53   28.47    28.47  
  7    386286779.0     97715962.0   3.95    0.93     0.93  
  8   22943270899.0   9194514124.0  2.50   28.85    28.85  
  9   10975801460.0   6581013419.0  1.67   16.06    16.06  
  10  20338822880.0   9267587617.0  2.19   24.49    24.49  
  11   430981564.0    100889571.0   4.27    0.54     0.54  
  12  24936692335.0  10218822996.0  2.44   54.58    54.58  
  13   386369961.0     99181905.0   3.90    0.55     0.55  
  14   9527445164.0   4353637679.0  2.19   15.63    15.63  
  15  10852297325.0   6606644331.0  1.64   16.38    16.38  
System 2439.53 (MHz) duration 30 (sec) CPU avg. 361.21%
 CPU      Cycles      Instructions  CPI   Avg (%)  Max (%) 
  0   31617045996.0  18073452873.0  1.75   43.20    43.20  
  1   20175823719.0  11879479402.0  1.70   28.46    28.46  
  2   15690134273.0   7267314847.0  2.16   32.32    32.32  
  3   19727785816.0  11779036139.0  1.67   42.17    42.17  
  4   12231090162.0   6007906696.0  2.04   16.24    16.24  
  5   20209974557.0  11804814518.0  1.71   25.29    25.29  
  6   12975274244.0   6230148927.0  2.08   15.45    15.45  
  7    321224131.0     85759748.0   3.75    0.39     0.39  
  8   16129408738.0   7399412890.0  2.18   20.72    20.72  
  9   10861978293.0   6216416913.0  1.75   15.92    15.92  
  10  24342894851.0  10680163954.0  2.28   29.00    29.00  
  11   418808090.0     88786984.0   4.72    0.59     0.59  
  12  22247952560.0   9883793528.0  2.25   49.63    49.63  
  13   391232655.0     88245570.0   4.43    0.49     0.49  
  14  21136062521.0   9797126346.0  2.16   27.68    27.68  
  15  10413219765.0   6150362215.0  1.69   13.67    13.67  
System 2149.61 (MHz) duration 30 (sec) CPU avg. 197.76%
 CPU      Cycles      Instructions  CPI   Avg (%)  Max (%) 
  0   18361511595.0  11201447345.0  1.64   28.47    28.47  
  1   11458666049.0   6353665591.0  1.80   24.46    24.46  
  2    6517908861.0   3459682520.0  1.88   17.26    17.26  
  3   11103720337.0   6152581109.0  1.80   18.33    18.33  
  4    7089494133.0   4127300022.0  1.72   12.55    12.55  
  5   10699358212.0   5910564166.0  1.81   21.18    21.18  
  6    6134425941.0   3508622692.0  1.75    7.39     7.39  
  7     72370904.0     38371234.0   1.89    0.13     0.13  
  8    7202562476.0   3940001611.0  1.83    8.58     8.58  
  9    5438526683.0   3036178729.0  1.79    6.93     6.93  
  10   6669398561.0   3836422460.0  1.74    9.13     9.13  
  11    65568710.0     32678194.0   2.01    0.17     0.17  
  12   7906546484.0   4497925987.0  1.76   20.19    20.19  
  13    97308132.0     43086024.0   2.26    0.13     0.13  
  14   5454718516.0   3239481232.0  1.68   13.41    13.41  
  15   6501173761.0   3299894228.0  1.97    9.45     9.45  
System 2478.98 (MHz) duration 30 (sec) CPU avg. 453.67%
 CPU      Cycles      Instructions  CPI   Avg (%)  Max (%) 
  0   57711853640.0  40240626047.0  1.43   77.60    77.60  
  1   33484706190.0  21800820357.0  1.54   43.99    43.99  
  2   11030120980.0   5932482640.0  1.86   17.83    17.83  
  3   33650146937.0  21793683042.0  1.54   47.08    47.08  
  4   11262055324.0   5969154966.0  1.89   19.89    19.89  
  5   33794196148.0  21782229796.0  1.55   50.98    50.98  
  6    9843688038.0   5129203949.0  1.92   11.85    11.85  
  7    389637516.0    124417125.0   3.13    0.54     0.54  
  8   17543644200.0   8746194368.0  2.01   20.89    20.89  
  9   18485260586.0  11544329463.0  1.60   24.41    24.41  
  10  13847655258.0   6738087043.0  2.06   17.69    17.69  
  11   485355414.0    134902833.0   3.60    0.58     0.58  
  12  31777618358.0  15475083104.0  2.05   60.29    60.29  
  13   510994080.0    163455569.0   3.13    0.75     0.75  
  14  19121121608.0   9523839203.0  2.01   37.09    37.09  
  15  18568180789.0  11590864299.0  1.60   22.19    22.19  
System 1710.86 (MHz) duration 30 (sec) CPU avg. 473.03%
 CPU      Cycles      Instructions  CPI   Avg (%)  Max (%) 
  0   56647599126.0  40187490082.0  1.41   110.37   110.37 
  1   33042208932.0  21347166652.0  1.55   39.34    39.34  
  2   20193623300.0   9764210453.0  2.07   24.34    24.34  
  3   32809550157.0  21264417777.0  1.54   47.47    47.47  
  4    8818576914.0   4470549970.0  1.97   18.71    18.71  
  5   33177811872.0  21284710210.0  1.56   46.22    46.22  
  6   10434315667.0   5168997771.0  2.02   12.50    12.50  
  7    406157908.0    130141940.0   3.12    0.49     0.49  
  8    8428967895.0   4214708505.0  2.00   10.83    10.83  
  9   18495876853.0  11364402044.0  1.63   42.32    42.32  
  10  21604881273.0  10353244921.0  2.09   26.39    26.39  
  11   465912777.0    122192571.0   3.81    0.63     0.63  
  12  30031313212.0  14314549825.0  2.10   35.77    35.77  
  13   540415217.0    172192382.0   3.14    0.64     0.64  
  14  19064607986.0   9250793394.0  2.06   35.20    35.20  
  15  18017448308.0  11317441116.0  1.59   21.80    21.80  
System 1576.88 (MHz) duration 30 (sec) CPU avg. 527.42%
 CPU      Cycles      Instructions  CPI   Avg (%)  Max (%) 
  0   17237151377.0  12003806799.0  1.44   36.44    36.44  
  1   33293110657.0  21331985551.0  1.56   39.64    39.64  
  2   22567331759.0  11654740365.0  1.94   41.42    41.42  
  3   33074977091.0  21273776503.0  1.55   43.94    43.94  
  4   22638036171.0  11722970699.0  1.93   58.60    58.60  
  5   33064762418.0  21169760830.0  1.56   40.82    40.82  
  6   34702629616.0  20389213302.0  1.70   41.77    41.77  
  7    422335148.0    119419645.0   3.54    0.56     0.56  
  8   19552335297.0  10006750997.0  1.95   23.28    23.28  
  9   18286955712.0  11256844462.0  1.62   24.50    24.50  
  10  22429397467.0  11241544894.0  2.00   49.28    49.28  
  11   568492213.0    142686538.0   3.98    0.98     0.98  
  12  27965307792.0  13711184262.0  2.04   62.60    62.60  
  13   421583413.0    145542784.0   2.90    0.56     0.56  
  14  21798399584.0  11054439979.0  1.97   41.50    41.50  
  15  18038670727.0  11245155833.0  1.60   21.53    21.53  
System 2066.48 (MHz) duration 30 (sec) CPU avg. 523.43%
 CPU      Cycles      Instructions  CPI   Avg (%)  Max (%) 
  0   38762552479.0  22887686758.0  1.69   62.53    62.53  
  1   33133200844.0  21182763058.0  1.56   39.70    39.70  
  2   27493286339.0  13872501354.0  1.98   62.71    62.71  
  3   33130304884.0  21159995901.0  1.57   66.86    66.86  
  4   27783100563.0  13918371315.0  2.00   50.82    50.82  
  5   33136253748.0  21149524438.0  1.57   40.72    40.72  
  6   18057248298.0   9301617385.0  1.94   21.94    21.94  
  7    422840685.0    129777491.0   3.26    0.55     0.55  
  8    9409660086.0   4731157690.0  1.99   11.54    11.54  
  9   18215763058.0  11180484644.0  1.63   39.47    39.47  
  10  27118498140.0  13507712131.0  2.01   34.59    34.59  
  11   535503195.0    133740776.0   4.00    0.76     0.76  
  12  27461209266.0  13557964663.0  2.03   36.01    36.01  
  13   477435715.0    148914981.0   3.21    1.19     1.19  
  14  27274311401.0  13516345559.0  2.02   32.49    32.49  
  15  18018132673.0  11169562282.0  1.61   21.54    21.54  
System 2041.64 (MHz) duration 30 (sec) CPU avg. 442.45%
 CPU      Cycles      Instructions  CPI   Avg (%)  Max (%) 
  0   48050157060.0  35941028876.0  1.34   78.45    78.45  
  1   30731160196.0  18924113595.0  1.62   43.34    43.34  
  2   18547755416.0   9224823623.0  2.01   41.10    41.10  
  3   30248413578.0  18744091053.0  1.61   36.51    36.51  
  4   16825479911.0   8751193831.0  1.92   24.51    24.51  
  5   30838538468.0  18771817452.0  1.64   52.97    52.97  
  6   13484584357.0   7341920630.0  1.84   16.16    16.16  
  7    426350033.0    116907754.0   3.65    0.55     0.55  
  8   12455995826.0   6645585751.0  1.87   17.77    17.77  
  9   16726143005.0   9953109513.0  1.68   29.10    29.10  
  10  15611835135.0   7820514555.0  2.00   19.69    19.69  
  11   573883790.0    132983546.0   4.32    0.76     0.76  
  12  27084399037.0  13722291102.0  1.97   36.29    36.29  
  13   418994586.0    132423692.0   3.16    0.51     0.51  
  14  20226207956.0  10137556573.0  2.00   24.22    24.22  
  15  16625251543.0   9916638446.0  1.68   20.53    20.53  
System 1554.61 (MHz) duration 30 (sec) CPU avg. 334.01%
 CPU      Cycles      Instructions  CPI   Avg (%)  Max (%) 
  0   35426753194.0  23283236864.0  1.52   75.96    75.96  
  1   18920741747.0  10748578414.0  1.76   22.53    22.53  
  2   15529633333.0   6368197533.0  2.44   28.21    28.21  
  3   18109726142.0  10408247381.0  1.74   22.24    22.24  
  4   17547332721.0   8552713397.0  2.05   39.31    39.31  
  5   17499180786.0  10066165579.0  1.74   21.23    21.23  
  6   20061465714.0   8677396710.0  2.31   24.08    24.08  
  7    282791562.0     66904542.0   4.23    0.35     0.35  
  8   15895759752.0   6470963503.0  2.46   20.04    20.04  
  9    9211923799.0   5287097804.0  1.74   13.34    13.34  
  10  11152062964.0   5501164445.0  2.03   14.22    14.22  
  11   427003435.0     74722290.0   5.71    0.61     0.61  
  12  23003386492.0   9625649299.0  2.39   27.84    27.84  
  13   353291470.0     80413664.0   4.39    0.52     0.52  
  14   9749507145.0   5300837643.0  1.84   11.61    11.61  
  15   9270540081.0   5324269351.0  1.74   11.93    11.93  
