
System 2470.55 (MHz) duration 30 (sec) CPU avg. 90.27%
 CPU     Cycles     Instructions  CPI   Avg (%)  Max (%) 
  0   8984010069.0  2749589600.0  3.27   12.12    12.12  
  1   3755872074.0  1690315985.0  2.22    8.59     8.59  
  2   4882825672.0  1474783788.0  3.31    7.19     7.19  
  3   3786059552.0  1703851209.0  2.22    4.78     4.78  
  4   4449509652.0  1489421001.0  2.99    5.47     5.47  
  5   3814453331.0  1692411591.0  2.25    8.07     8.07  
  6   3240258023.0  1202242727.0  2.70    3.93     3.93  
  7    3422966.0      831619.0    4.12    0.01     0.01  
  8   5106430170.0  1661131934.0  3.07    6.65     6.65  
  9   2378687378.0  847306112.0   2.81    6.17     6.17  
  10  6911966567.0  2086790401.0  3.31    8.28     8.28  
  11   4938738.0     1199835.0    4.12    0.01     0.01  
  12  7995675333.0  2503311336.0  3.19    9.53     9.53  
  13   23300693.0    5792842.0    4.02    0.04     0.04  
  14  2821131940.0  990004979.0   2.85    3.38     3.38  
  15  2372451304.0  846307420.0   2.80    6.06     6.06  
System 2485.23 (MHz) duration 30 (sec) CPU avg. 93.97%
 CPU     Cycles     Instructions  CPI   Avg (%)  Max (%) 
  0   6003578900.0  1894203880.0  3.17    8.05     8.05  
  1   3535559991.0  1611049582.0  2.19    8.40     8.40  
  2   4216267739.0  1431451840.0  2.95    5.08     5.08  
  3   3562817930.0  1624704637.0  2.19    8.44     8.44  
  4   8225238546.0  2433677955.0  3.38   15.80    15.80  
  5   3579839795.0  1607464239.0  2.23    8.66     8.66  
  6   5906377540.0  1757400039.0  3.36   12.36    12.36  
  7    8806525.0     1017634.0    8.65    0.02     0.02  
  8   3173944120.0  1131405808.0  2.81    4.08     4.08  
  9   2209822774.0  806812794.0   2.74    2.77     2.77  
  10  5943684399.0  1865353621.0  3.19    7.29     7.29  
  11   7593562.0     1880566.0    4.04    0.01     0.01  
  12  4217431266.0  1319312904.0  3.20    5.69     5.69  
  13   19435463.0    4952533.0    3.92    0.02     0.02  
  14  3520220908.0  1270583221.0  2.77    4.20     4.20  
  15  2201095799.0  805860596.0   2.73    3.09     3.09  
System 2388.20 (MHz) duration 30 (sec) CPU avg. 94.65%
 CPU     Cycles     Instructions  CPI   Avg (%)  Max (%) 
  0   5096747684.0  1535825153.0  3.32    7.11     7.11  
  1   3511572495.0  1588769024.0  2.21    4.68     4.68  
  2   4815543553.0  1561795529.0  3.08    6.78     6.78  
  3   3541053270.0  1601411614.0  2.21    7.67     7.67  
  4   5023458395.0  1602826125.0  3.13    7.66     7.66  
  5   3565389284.0  1584789081.0  2.25    4.55     4.55  
  6   4802503171.0  1631434883.0  2.94   13.34    13.34  
  7    1605154.0      479531.0    3.35    0.00     0.00  
  8   3676900657.0  1147145180.0  3.21    4.78     4.78  
  9   2193633445.0  794603563.0   2.76    3.56     3.56  
  10  5857536303.0  1779132297.0  3.29    6.98     6.98  
  11   3936418.0      866995.0    4.54    0.01     0.01  
  12  6353047009.0  2004139080.0  3.17   17.02    17.02  
  13   23109927.0    5981787.0    3.86    0.05     0.05  
  14  4740376762.0  1511067264.0  3.14    5.79     5.79  
  15  2869308486.0  962153225.0   2.98    4.68     4.68  
System 2533.12 (MHz) duration 30 (sec) CPU avg. 78.84%
 CPU     Cycles     Instructions  CPI   Avg (%)  Max (%) 
  0   7674474424.0  2305154467.0  3.33   10.10    10.10  
  1   3475975075.0  1555180824.0  2.24    4.95     4.95  
  2   5810122426.0  1868802471.0  3.11    7.85     7.85  
  3   3513059987.0  1570324427.0  2.24    6.30     6.30  
  4   7430064646.0  2251499957.0  3.30   10.29    10.29  
  5   3516816750.0  1552617947.0  2.27    4.19     4.19  
  6   3669447656.0  1162194872.0  3.16    7.04     7.04  
  7    3788294.0      971090.0    3.90    0.01     0.01  
  8   3683234202.0  1162620373.0  3.17    4.92     4.92  
  9   2170742308.0  779373237.0   2.79    3.05     3.05  
  10  3519685938.0  1110298979.0  3.17    4.19     4.19  
  11   11342934.0    2870344.0    3.95    0.02     0.02  
  12  4410416456.0  1340942928.0  3.29    5.61     5.61  
  13   15011555.0    3667660.0    4.09    0.03     0.03  
  14  5552070231.0  1797940157.0  3.09    6.70     6.70  
  15  2859619666.0  944433816.0   3.03    3.58     3.58  
System 1876.17 (MHz) duration 30 (sec) CPU avg. 78.36%
 CPU     Cycles     Instructions  CPI   Avg (%)  Max (%) 
  0   6280627816.0  2021311903.0  3.11   11.16    11.16  
  1   3289857037.0  1501703372.0  2.19    8.66     8.66  
  2   4314029183.0  1551040769.0  2.78    6.58     6.58  
  3   3860445804.0  1647949136.0  2.34    4.60     4.60  
  4   4217910672.0  1493454615.0  2.82    7.54     7.54  
  5   3320733171.0  1492932611.0  2.22    4.02     4.02  
  6   4205502158.0  1437527478.0  2.93    7.63     7.63  
  7    4766751.0     1193998.0    3.99    0.01     0.01  
  8   3339525913.0  1239626457.0  2.69    4.43     4.43  
  9   2035313340.0  742092725.0   2.74    2.50     2.50  
  10  3844639689.0  1362555768.0  2.82    5.06     5.06  
  11   5321107.0     1077073.0    4.94    0.01     0.01  
  12  4859319287.0  1614422809.0  3.01    5.81     5.81  
  13   21880159.0    5766334.0    3.79    0.05     0.05  
  14  2969390583.0  1218986054.0  2.44    3.74     3.74  
  15  4094786045.0  1246337955.0  3.29    6.58     6.58  
System 2794.38 (MHz) duration 30 (sec) CPU avg. 35.94%
 CPU     Cycles     Instructions  CPI   Avg (%)  Max (%) 
  0   1242563888.0  442342933.0   2.81    1.48     1.48  
  1   1932915614.0  764821751.0   2.53    3.34     3.34  
  2   1933230190.0  722647222.0   2.68    2.34     2.34  
  3   1945273067.0  771883926.0   2.52    4.56     4.56  
  4   2051558188.0  643090583.0   3.19    2.81     2.81  
  5   1918467155.0  730011246.0   2.63    2.31     2.31  
  6   1831939326.0  687702290.0   2.66    2.34     2.34  
  7    3865664.0      887722.0    4.35    0.01     0.01  
  8   1542181435.0  610116472.0   2.53    2.81     2.81  
  9   1716450995.0  345802917.0   4.96    4.42     4.42  
  10  2338612233.0  841658520.0   2.78    2.82     2.82  
  11   4891496.0     1057410.0    4.63    0.01     0.01  
  12  1872544498.0  730261244.0   2.56    2.24     2.24  
  13   24354572.0    6134723.0    3.97    0.03     0.03  
  14  1793895826.0  686876162.0   2.61    2.16     2.16  
  15  1704418919.0  344177032.0   4.95    2.25     2.25  
System 1622.42 (MHz) duration 30 (sec) CPU avg. 207.15%
 CPU      Cycles     Instructions  CPI   Avg (%)  Max (%) 
  0   21369811769.0  9653703691.0  2.21   43.91    43.91  
  1   13889697890.0  7452154905.0  1.86   19.99    19.99  
  2   10978771092.0  4559967357.0  2.41   14.25    14.25  
  3   13008042126.0  7267641834.0  1.79   15.85    15.85  
  4   10652778946.0  4501819905.0  2.37   13.04    13.04  
  5   13711421960.0  7371333653.0  1.86   16.52    16.52  
  6   10286300006.0  4418090251.0  2.33   12.29    12.29  
  7     2600621.0      534967.0    4.86    0.01     0.01  
  8    9636050874.0  4075588166.0  2.36   15.12    15.12  
  9    6843480178.0  3735266184.0  1.83   14.74    14.74  
  10   7795046449.0  3389773320.0  2.30   10.75    10.75  
  11    7463006.0     1775268.0    4.20    0.01     0.01  
  12   9532081856.0  4210412355.0  2.26   13.97    13.97  
  13    20501646.0    5130758.0    4.00    0.04     0.04  
  14   5613887345.0  2535782802.0  2.21    7.66     7.66  
  15   6841203826.0  3736524505.0  1.83    9.00     9.00  
System 2797.03 (MHz) duration 30 (sec) CPU avg. 231.58%
 CPU      Cycles     Instructions  CPI   Avg (%)  Max (%) 
  0   21557889574.0  9231741014.0  2.34   25.69    25.69  
  1   12675498334.0  7044151336.0  1.80   35.20    35.20  
  2   11589498436.0  4803304275.0  2.41   16.00    16.00  
  3   13486950650.0  7261344486.0  1.86   17.53    17.53  
  4    9287595374.0  3673736431.0  2.53   11.28    11.28  
  5   14804657767.0  7546789912.0  1.96   17.85    17.85  
  6    8313144248.0  3420158812.0  2.43   11.66    11.66  
  7     1826627.0      489072.0    3.73    0.00     0.00  
  8   10400571854.0  4492527834.0  2.32   13.99    13.99  
  9    7582028421.0  3856187006.0  1.97   17.17    17.17  
  10  11516078952.0  4662017871.0  2.47   14.22    14.22  
  11    18049551.0    4487343.0    4.02    0.03     0.03  
  12  10757760322.0  4573283808.0  2.35   22.76    22.76  
  13    12112871.0    2917249.0    4.15    0.02     0.02  
  14   7493389549.0  3243375060.0  2.31    9.10     9.10  
  15   8596563947.0  4106120431.0  2.09   19.06    19.06  
System 2754.06 (MHz) duration 30 (sec) CPU avg. 206.61%
 CPU      Cycles     Instructions  CPI   Avg (%)  Max (%) 
  0   19086654007.0  8370568650.0  2.28   23.10    23.10  
  1   12241177668.0  6787032177.0  1.80   19.18    19.18  
  2   10544808710.0  4387841766.0  2.40   14.32    14.32  
  3   12847687291.0  6943375072.0  1.85   27.27    27.27  
  4    7770415824.0  3335786422.0  2.33   10.63    10.63  
  5   12537022521.0  6822798899.0  1.84   16.05    16.05  
  6    8219110677.0  3380538366.0  2.43   12.83    12.83  
  7     1964673.0      540959.0    3.63    0.00     0.00  
  8    9539938727.0  4046958376.0  2.36   12.96    12.96  
  9    6552075406.0  3507766144.0  1.87   15.18    15.18  
  10   7872450536.0  3383066873.0  2.33   10.07    10.07  
  11    6633007.0     1420038.0    4.67    0.01     0.01  
  12  12395550779.0  5003691338.0  2.48   19.09    19.09  
  13    24655551.0    6220338.0    3.96    0.06     0.06  
  14  10565949071.0  4390911202.0  2.41   12.59    12.59  
  15   6498791637.0  3496499632.0  1.86   13.27    13.27  
System 1911.17 (MHz) duration 30 (sec) CPU avg. 213.67%
 CPU      Cycles     Instructions  CPI   Avg (%)  Max (%) 
  0   15814396311.0  6768337307.0  2.34   27.58    27.58  
  1   12068417426.0  6645547521.0  1.82   20.93    20.93  
  2    8187570655.0  3458587375.0  2.37   11.98    11.98  
  3   12422905327.0  6744219469.0  1.84   16.84    16.84  
  4   12377123742.0  4931380070.0  2.51   20.48    20.48  
  5   12861919604.0  6792967340.0  1.89   17.01    17.01  
  6    9406605982.0  3931377906.0  2.39   19.52    19.52  
  7     1886758.0      538674.0    3.50    0.00     0.00  
  8   11218663284.0  4639740199.0  2.42   13.75    13.75  
  9    7556457812.0  3704331114.0  2.04   10.56    10.56  
  10   9918544914.0  4271243196.0  2.32   12.24    12.24  
  11    7051730.0     1460321.0    4.83    0.01     0.01  
  12  11956718950.0  4839979319.0  2.47   15.94    15.94  
  13    23630581.0    5994831.0    3.94    0.05     0.05  
  14   8691422006.0  3555739373.0  2.44   11.64    11.64  
  15   6418558448.0  3428840656.0  1.87   15.11    15.11  
System 2695.86 (MHz) duration 30 (sec) CPU avg. 195.36%
 CPU      Cycles      Instructions  CPI   Avg (%)  Max (%) 
  0   32142964637.0  16089909975.0  2.00   39.74    39.74  
  1   11587885254.0   6236802306.0  1.86   16.03    16.03  
  2    5778131801.0   2376334071.0  2.43    7.25     7.25  
  3   12160301267.0   6388478510.0  1.90   30.25    30.25  
  4    3790155528.0   1604845980.0  2.36    4.52     4.52  
  5   14170638637.0   6829357876.0  2.07   21.59    21.59  
  6    8757462666.0   3756955344.0  2.33   12.70    12.70  
  7     1948103.0       554068.0    3.52    0.00     0.00  
  8   11297124399.0   4950042282.0  2.28   14.00    14.00  
  9    6384522492.0   3256724158.0  1.96    8.79     8.79  
  10  11661621322.0   4954024970.0  2.35   16.83    16.83  
  11    15184136.0     3581094.0    4.24    0.04     0.04  
  12   3070065372.0   1410537688.0  2.18    5.91     5.91  
  13    16235550.0     3904472.0    4.16    0.02     0.02  
  14   3485296887.0   1585208119.0  2.20    4.83     4.83  
  15   9362278840.0   3978251400.0  2.35   12.85    12.85  
System 2661.25 (MHz) duration 30 (sec) CPU avg. 120.96%
 CPU      Cycles     Instructions  CPI   Avg (%)  Max (%) 
  0   10813065473.0  4546709155.0  2.38   13.54    13.54  
  1    6711199868.0  3246349404.0  2.07    8.61     8.61  
  2    7974605014.0  3034963765.0  2.63    9.76     9.76  
  3    6501747960.0  3156204318.0  2.06   13.54    13.54  
  4    6569533905.0  2659650161.0  2.47    9.05     9.05  
  5    6150702698.0  2962600218.0  2.08    7.42     7.42  
  6    6717152820.0  3028489416.0  2.22   10.18    10.18  
  7     2367169.0      509733.0    4.64    0.00     0.00  
  8    7819816015.0  3163941455.0  2.47    9.37     9.37  
  9    3528166605.0  1497554447.0  2.36    9.80     9.80  
  10   5650275361.0  2515406896.0  2.25    7.24     7.24  
  11    22197256.0    5334214.0    4.16    0.03     0.03  
  12   7021035615.0  2711355410.0  2.59    8.44     8.44  
  13    7472552.0     2067141.0    3.61    0.01     0.01  
  14   4786143494.0  2066681632.0  2.32    5.72     5.72  
  15   3515534591.0  1494370683.0  2.35    8.25     8.25  
System 2799.14 (MHz) duration 30 (sec) CPU avg. 423.20%
 CPU      Cycles      Instructions  CPI   Avg (%)  Max (%) 
  0   33322192450.0  16666156163.0  2.00   39.68    39.68  
  1   24526390267.0  13738922678.0  1.79   49.72    49.72  
  2   12592547231.0   5748226488.0  2.19   18.05    18.05  
  3   24787995415.0  13850716468.0  1.79   38.05    38.05  
  4   12914217300.0   5787426152.0  2.23   16.04    16.04  
  5   25066147621.0  13798173500.0  1.82   54.18    54.18  
  6    7630510270.0   3285645407.0  2.32    9.86     9.86  
  7     3539487.0       842090.0    4.20    0.01     0.01  
  8   32960768748.0  15394550139.0  2.14   42.93    42.93  
  9   12836407805.0   7130496106.0  1.80   29.37    29.37  
  10  24463230770.0  11556085442.0  2.12   65.68    65.68  
  11    5608644.0      1177585.0    4.76    0.01     0.01  
  12  13701171592.0   6118701544.0  2.24   19.85    19.85  
  13    24020804.0     5960013.0    4.03    0.03     0.03  
  14   1336419398.0   502122014.0   2.66    1.61     1.61  
  15  16237518770.0   7939554513.0  2.05   38.15    38.15  
System 2707.81 (MHz) duration 30 (sec) CPU avg. 330.52%
 CPU      Cycles      Instructions  CPI   Avg (%)  Max (%) 
  0   52850870662.0  29938772161.0  1.77   65.06    65.06  
  1   23655448593.0  13254931535.0  1.78   28.40    28.40  
  2    5693512825.0   2618199201.0  2.17    7.36     7.36  
  3   23291122668.0  13196187487.0  1.76   49.77    49.77  
  4   13735471329.0   5907106547.0  2.33   18.41    18.41  
  5   23930147667.0  13278932155.0  1.80   53.46    53.46  
  6   16352210895.0   6527910019.0  2.50   20.24    20.24  
  7     3497169.0      1342101.0    2.61    0.01     0.01  
  8    9952385975.0   3900539859.0  2.55   11.85    11.85  
  9   12332674032.0   6871098456.0  1.79   15.77    15.77  
  10  13760699567.0   5909907715.0  2.33   23.62    23.62  
  11    9376489.0      2626777.0    3.57    0.01     0.01  
  12   5667773887.0   2557209440.0  2.22    8.37     8.37  
  13    20294281.0     5051500.0    4.02    0.03     0.03  
  14   781421692.0    361076614.0   2.16    0.94     0.94  
  15  13514000437.0   7162564076.0  1.89   27.22    27.22  
System 2661.64 (MHz) duration 30 (sec) CPU avg. 333.57%
 CPU      Cycles      Instructions  CPI   Avg (%)  Max (%) 
  0   37427089305.0  20715419255.0  1.81   46.87    46.87  
  1   23146858537.0  13016925641.0  1.78   33.43    33.43  
  2   13867032016.0   6462854299.0  2.15   24.72    24.72  
  3   23823324337.0  13184557102.0  1.81   35.92    35.92  
  4    5880222066.0   2596961513.0  2.26   10.83    10.83  
  5   23484371197.0  13030556213.0  1.80   41.48    41.48  
  6   10918463273.0   4382623273.0  2.49   13.58    13.58  
  7     41604387.0     6536741.0    6.36    0.06     0.06  
  8   17281429642.0   7942957577.0  2.18   21.41    21.41  
  9   12174207281.0   6774673268.0  1.80   19.93    19.93  
  10   5287529691.0   2431610819.0  2.17    6.30     6.30  
  11    20515451.0     5227475.0    3.92    0.04     0.04  
  12  16093253777.0   7687908224.0  2.09   35.62    35.62  
  13    18438639.0     4628882.0    3.98    0.02     0.02  
  14  13407595986.0   5803720086.0  2.31   16.60    16.60  
  15  12175460808.0   6763276775.0  1.80   26.76    26.76  
System 2616.88 (MHz) duration 30 (sec) CPU avg. 348.75%
 CPU      Cycles      Instructions  CPI   Avg (%)  Max (%) 
  0   34208741957.0  17849201220.0  1.92   43.57    43.57  
  1   23573715460.0  13005387000.0  1.81   53.17    53.17  
  2   18905236286.0   8475276888.0  2.23   28.42    28.42  
  3   22966755839.0  12912734782.0  1.78   28.75    28.75  
  4    5393927113.0   2566288018.0  2.10    8.40     8.40  
  5   23212033107.0  12921045632.0  1.80   46.33    46.33  
  6   16716193460.0   7860459553.0  2.13   25.06    25.06  
  7     1707908.0       453700.0    3.76    0.00     0.00  
  8   18003463934.0   8196958493.0  2.20   21.45    21.45  
  9   12236716743.0   6724838871.0  1.82   20.67    20.67  
  10  10980571809.0   5137890037.0  2.14   14.78    14.78  
  11    12156255.0     2773536.0    4.38    0.02     0.02  
  12  11210731867.0   5197102500.0  2.16   21.68    21.68  
  13    22232884.0     5222421.0    4.26    0.04     0.04  
  14  11395083843.0   5238921259.0  2.18   13.72    13.72  
  15  14086753352.0   7163792725.0  1.97   22.68    22.68  
System 1575.78 (MHz) duration 30 (sec) CPU avg. 339.54%
 CPU      Cycles      Instructions  CPI   Avg (%)  Max (%) 
  0   31837336270.0  18233324561.0  1.75   67.35    67.35  
  1   21303671548.0  11645733415.0  1.83   25.46    25.46  
  2   11733613819.0   5298864340.0  2.21   14.10    14.10  
  3   21876842110.0  11799205578.0  1.85   43.48    43.48  
  4   13674727007.0   6805555653.0  2.01   22.53    22.53  
  5   21832535353.0  11699241241.0  1.87   43.36    43.36  
  6   15594847866.0   7584864659.0  2.06   19.25    19.25  
  7     1635163.0       467178.0    3.50    0.00     0.00  
  8   12864410437.0   6521231715.0  1.97   15.87    15.87  
  9   11158888037.0   6034323647.0  1.85   28.40    28.40  
  10  11656657156.0   5831528503.0  2.00   16.96    16.96  
  11    10104597.0     2191919.0    4.61    0.01     0.01  
  12  11912038474.0   6294493244.0  1.89   14.81    14.81  
  13    18644718.0     4879139.0    3.82    0.04     0.04  
  14  10767258355.0   5607217899.0  1.92   12.83    12.83  
  15  11691652869.0   6162187156.0  1.90   15.09    15.09  
System 2795.31 (MHz) duration 30 (sec) CPU avg. 205.63%
 CPU      Cycles      Instructions  CPI   Avg (%)  Max (%) 
  0   20652254127.0  10840667549.0  1.91   24.63    24.63  
  1   11757951081.0   6066457485.0  1.94   14.10    14.10  
  2    8288765869.0   3628984642.0  2.28   11.08    11.08  
  3   11437320528.0   5917260601.0  1.93   29.15    29.15  
  4    3935814081.0   1887194925.0  2.09    4.74     4.74  
  5   11536299634.0   5768889527.0  2.00   20.78    20.78  
  6   12008985447.0   5619465507.0  2.14   18.24    18.24  
  7     2020897.0       562012.0    3.60    0.00     0.00  
  8    9846487986.0   4889340459.0  2.01   13.19    13.19  
  9    8941190747.0   3673855061.0  2.43   12.66    12.66  
  10   6891788764.0   3137367525.0  2.20   15.21    15.21  
  11    6640852.0      1333326.0    4.98    0.01     0.01  
  12  13768591557.0   5504840644.0  2.50   18.77    18.77  
  13    21872385.0     5629276.0    3.89    0.04     0.04  
  14   8032783270.0   4003804203.0  2.01   10.56    10.56  
  15   6331469791.0   3041518029.0  2.08   12.47    12.47  
System 1686.80 (MHz) duration 30 (sec) CPU avg. 518.79%
 CPU      Cycles      Instructions  CPI   Avg (%)  Max (%) 
  0   55645014842.0  31900632320.0  1.74   109.96   109.96 
  1   36916373737.0  21347407632.0  1.73   46.64    46.64  
  2    8092314439.0   3866249678.0  2.09   19.20    19.20  
  3   36927066954.0  21367230630.0  1.73   47.48    47.48  
  4   20673624802.0   9462857134.0  2.18   34.01    34.01  
  5   36696358991.0  21175171647.0  1.73   43.69    43.69  
  6    7941648404.0   3702074874.0  2.15   16.65    16.65  
  7    289065232.0     76715280.0   3.77    0.37     0.37  
  8    7797530555.0   3623285699.0  2.15    9.61     9.61  
  9   20572850436.0  11384833227.0  1.81   43.83    43.83  
  10  19110383837.0   8726254368.0  2.19   24.28    24.28  
  11   480851980.0    121522985.0   3.96    0.66     0.66  
  12  19209062584.0   8741722590.0  2.20   26.13    26.13  
  13   285671494.0     73393533.0   3.89    0.60     0.60  
  14  42749289180.0  20777866329.0  2.06   52.05    52.05  
  15  20274760931.0  11321896425.0  1.79   43.64    43.64  
System 2797.89 (MHz) duration 30 (sec) CPU avg. 464.53%
 CPU      Cycles      Instructions  CPI   Avg (%)  Max (%) 
  0   57798736383.0  32916557003.0  1.76   68.86    68.86  
  1   35249665456.0  20521386192.0  1.72   61.52    61.52  
  2   10367423505.0   5077128629.0  2.04   13.58    13.58  
  3   35506100161.0  20621992651.0  1.72   71.58    71.58  
  4   18650546559.0   8826388904.0  2.11   25.62    25.62  
  5   35209105413.0  20440426861.0  1.72   48.81    48.81  
  6   14989144699.0   7223804905.0  2.07   22.10    22.10  
  7    189259773.0     34903636.0   5.42    0.25     0.25  
  8   15322801643.0   7313931646.0  2.10   19.71    19.71  
  9   19311156309.0  10853129961.0  1.78   32.79    32.79  
  10  14817362933.0   7208818645.0  2.06   18.63    18.63  
  11   264475728.0     55706984.0   4.75    0.56     0.56  
  12  15224329787.0   7302084963.0  2.08   18.21    18.21  
  13   136139594.0     32093221.0   4.24    0.17     0.17  
  14  18740177868.0   8746365594.0  2.14   31.84    31.84  
  15  18974212338.0  10816233061.0  1.75   30.31    30.31  
System 2774.22 (MHz) duration 30 (sec) CPU avg. 483.29%
 CPU      Cycles      Instructions  CPI   Avg (%)  Max (%) 
  0   46342436324.0  27767268565.0  1.67   55.68    55.68  
  1   35672366679.0  20631264289.0  1.73   70.60    70.60  
  2   41254933080.0  21549306582.0  1.91   74.98    74.98  
  3   35907283457.0  20685489133.0  1.74   51.97    51.97  
  4    7842959453.0   4008940061.0  1.96    9.44     9.44  
  5   35986362680.0  20620568027.0  1.75   75.73    75.73  
  6    7998541197.0   4000529807.0  2.00   10.19    10.19  
  7    210396957.0     45737935.0   4.60    0.28     0.28  
  8   17154779305.0   8247188477.0  2.08   25.47    25.47  
  9   20237705607.0  11074813833.0  1.83   24.35    24.35  
  10  17089547722.0   8219861380.0  2.08   37.53    37.53  
  11   299926137.0     76000365.0   3.95    0.40     0.40  
  12   8115502853.0   4033355987.0  2.01   12.23    12.23  
  13   236699592.0     67203938.0   3.52    0.52     0.52  
  14   8102836331.0   4004180036.0  2.02    9.65     9.65  
  15  19485822862.0  10940216605.0  1.78   24.26    24.26  
System 2449.92 (MHz) duration 30 (sec) CPU avg. 502.00%
 CPU      Cycles      Instructions  CPI   Avg (%)  Max (%) 
  0   59720809962.0  34568373371.0  1.73   81.26    81.26  
  1   34065598347.0  19554022380.0  1.74   72.90    72.90  
  2   23375644510.0  10232373061.0  2.28   45.56    45.56  
  3   34484308246.0  19643950369.0  1.76   49.87    49.87  
  4    392222887.0    144566107.0   2.71    0.55     0.55  
  5   33995983649.0  19506251968.0  1.74   84.82    84.82  
  6   15768540321.0   7047098273.0  2.24   18.78    18.78  
  7    332255387.0     77132905.0   4.31    0.53     0.53  
  8   18064502194.0   8300975691.0  2.18   21.79    21.79  
  9   19803946411.0  10644575361.0  1.86   25.42    25.42  
  10  18975892929.0   8496735549.0  2.23   23.61    23.61  
  11   360680125.0     74219252.0   4.86    0.97     0.97  
  12  12571136923.0   5887685481.0  2.14   15.75    15.75  
  13   314106522.0     81082379.0   3.87    0.73     0.73  
  14  13623902679.0   6134852190.0  2.22   16.31    16.31  
  15  18588381408.0  10351110556.0  1.80   43.15    43.15  
System 1654.61 (MHz) duration 30 (sec) CPU avg. 564.63%
 CPU      Cycles      Instructions  CPI   Avg (%)  Max (%) 
  0   40101443227.0  23128288409.0  1.73   80.79    80.79  
  1   33208882540.0  18582199857.0  1.79   53.92    53.92  
  2   17616195481.0   7601561795.0  2.32   22.39    22.39  
  3   33262266012.0  18532605359.0  1.79   81.89    81.89  
  4   31658683980.0  17513537957.0  1.81   38.15    38.15  
  5   33660636521.0  18518117947.0  1.82   67.60    67.60  
  6   23401924449.0  10238694911.0  2.29   27.97    27.97  
  7    373335533.0     76407185.0   4.89    0.92     0.92  
  8   18234717263.0   9168743101.0  1.99   26.15    26.15  
  9   18736954752.0   9906722123.0  1.89   23.59    23.59  
  10  20191183534.0   9631874157.0  2.10   34.21    34.21  
  11   443287746.0     87745097.0   5.05    0.58     0.58  
  12  30229596936.0  13756857503.0  2.20   46.89    46.89  
  13   353121279.0     78169899.0   4.52    0.79     0.79  
  14  16292916749.0   8571276542.0  1.90   19.40    19.40  
  15  17931482681.0   9740585648.0  1.84   39.40    39.40  
System 2560.78 (MHz) duration 30 (sec) CPU avg. 299.13%
 CPU      Cycles      Instructions  CPI   Avg (%)  Max (%) 
  0   23795494053.0  14710209477.0  1.62   30.97    30.97  
  1   19696026468.0  10331682737.0  1.91   29.99    29.99  
  2   14258359400.0   7191858414.0  1.98   21.60    21.60  
  3   19055227332.0  10096603781.0  1.89   50.07    50.07  
  4   10553806424.0   6256293164.0  1.69   19.17    19.17  
  5   18539730870.0   9765595045.0  1.90   35.95    35.95  
  6   11604170714.0   6136011088.0  1.89   15.76    15.76  
  7     2182894.0       545920.0    4.00    0.00     0.00  
  8   13182489961.0   6975170077.0  1.89   16.13    16.13  
  9   10129060771.0   5224198075.0  1.94   13.79    13.79  
  10  12347860759.0   7386360733.0  1.67   15.96    15.96  
  11    7752172.0      1726747.0    4.49    0.01     0.01  
  12  13197533395.0   6815649417.0  1.94   16.19    16.19  
  13    20582053.0     5259827.0    3.91    0.05     0.05  
  14   9208558283.0   5118552170.0  1.80   10.97    10.97  
  15  12119807250.0   5706400622.0  2.12   22.50    22.50  
