
System 2797.97 (MHz) duration 30 (sec) CPU avg. 34.07%
 CPU     Cycles     Instructions  CPI   Avg (%)  Max (%) 
  0   1460722023.0  640731213.0   2.28    1.74     1.74  
  1   1411556107.0  710777986.0   1.99    1.88     1.88  
  2    1014113.0      325211.0    3.12    0.00     0.00  
  3   1207397866.0  608799270.0   1.98    1.63     1.63  
  4   1502920863.0  677296652.0   2.22    1.96     1.96  
  5   3015417491.0  1387693689.0  2.17    4.02     4.02  
  6   1462829662.0  641507519.0   2.28    1.76     1.76  
  7    68909394.0    33408562.0   2.06    0.09     0.09  
  8   1441093238.0  696386918.0   2.07    1.81     1.81  
  9    53830972.0    24759358.0   2.17    0.07     0.07  
  10  2679056693.0  1017470178.0  2.63    3.26     3.26  
  11  1285052174.0  643676348.0   2.00    1.71     1.71  
  12  1559703739.0  711916293.0   2.19    3.88     3.88  
  13  2432362406.0  1230271436.0  1.98    3.24     3.24  
  14  2113190624.0  996806420.0   2.12    4.69     4.69  
  15  1792594827.0  761136714.0   2.36    2.32     2.32  
System 2726.56 (MHz) duration 30 (sec) CPU avg. 28.89%
 CPU     Cycles     Instructions  CPI   Avg (%)  Max (%) 
  0   649409320.0   246015979.0   2.64    0.79     0.79  
  1   2063689875.0  1009420433.0  2.04    2.62     2.62  
  2   937457567.0   370564134.0   2.53    1.12     1.12  
  3   3006629934.0  1502249060.0  2.00    4.15     4.15  
  4   1618938230.0  648969894.0   2.49    2.23     2.23  
  5   1797302098.0  879129179.0   2.04    2.41     2.41  
  6   644740484.0   246999463.0   2.61    0.83     0.83  
  7   1303513817.0  598050760.0   2.18    1.67     1.67  
  8   1250107684.0  524755721.0   2.38    1.57     1.57  
  9    42005655.0    19727823.0   2.13    0.06     0.06  
  10  415989771.0   156779812.0   2.65    0.52     0.52  
  11  143524481.0    62527639.0   2.30    0.20     0.20  
  12  2988703550.0  1378904861.0  2.17    3.88     3.88  
  13  183546431.0    86740585.0   2.12    0.46     0.46  
  14  2868445559.0  1356684010.0  2.11    3.42     3.42  
  15  1702984489.0  821314314.0   2.07    2.97     2.97  
System 2430.00 (MHz) duration 30 (sec) CPU avg. 31.98%
 CPU     Cycles     Instructions  CPI   Avg (%)  Max (%) 
  0    25125384.0    2955032.0    8.50    0.03     0.03  
  1   2411575614.0  1183504274.0  2.04    3.00     3.00  
  2   1570830195.0  595971868.0   2.64    1.89     1.89  
  3   3406389189.0  1694294976.0  2.01    5.22     5.22  
  4   1640062657.0  634133871.0   2.59    2.85     2.85  
  5   1433069743.0  657820255.0   2.18    1.94     1.94  
  6   1595670972.0  600544022.0   2.66    1.92     1.92  
  7   1389193629.0  621548229.0   2.24    2.22     2.22  
  8   996958578.0   444407448.0   2.24    1.19     1.19  
  9    40546947.0    17982590.0   2.25    0.05     0.05  
  10  2442142710.0  1043482265.0  2.34    4.31     4.31  
  11  132248329.0    56522151.0   2.34    0.22     0.22  
  12  2384418871.0  1033313717.0  2.31    3.44     3.44  
  13  113373485.0    42782815.0   2.65    0.24     0.24  
  14  1200854443.0  447625902.0   2.68    1.54     1.54  
  15  1430729231.0  650378994.0   2.20    1.90     1.90  
System 2337.11 (MHz) duration 30 (sec) CPU avg. 32.80%
 CPU     Cycles     Instructions  CPI   Avg (%)  Max (%) 
  0    17805568.0    4608195.0    3.86    0.03     0.03  
  1   1959781658.0  918500749.0   2.13    2.92     2.92  
  2   1559538966.0  587425003.0   2.65    3.29     3.29  
  3   1898562734.0  890982272.0   2.13    2.42     2.42  
  4   1632647359.0  627202283.0   2.60    2.47     2.47  
  5   1459925979.0  653103447.0   2.24    1.96     1.96  
  6   1586109035.0  591727052.0   2.68    1.91     1.91  
  7   1399391460.0  608160815.0   2.30    1.87     1.87  
  8    29344349.0    5706906.0    5.14    0.03     0.03  
  9    40080906.0    19198909.0   2.09    0.05     0.05  
  10  2684211747.0  1177520984.0  2.28    3.20     3.20  
  11  1418233002.0  616383586.0   2.30    3.44     3.44  
  12  1689953063.0  655184556.0   2.58    2.28     2.28  
  13  679640864.0   284604763.0   2.39    0.91     0.91  
  14  2556297925.0  1107769795.0  2.31    3.41     3.41  
  15  1939361704.0  904462529.0   2.14    2.61     2.61  
System 2799.14 (MHz) duration 30 (sec) CPU avg. 35.23%
 CPU     Cycles     Instructions  CPI   Avg (%)  Max (%) 
  0    21323868.0    4364976.0    4.89    0.03     0.03  
  1   3087622272.0  1526826374.0  2.02    4.99     4.99  
  2   2726835468.0  1426420854.0  1.91    3.68     3.68  
  3   3290263596.0  1363306764.0  2.41    4.32     4.32  
  4   2273423158.0  1105582044.0  2.06    3.43     3.43  
  5   1367563663.0  573542407.0   2.38    1.93     1.93  
  6   2899934156.0  1499244167.0  1.93    3.49     3.49  
  7   1448161617.0  613896015.0   2.36    2.16     2.16  
  8   1361448898.0  686201861.0   1.98    2.19     2.19  
  9    39970421.0    19957040.0   2.00    0.05     0.05  
  10   2405091.0      597309.0    4.03    0.00     0.00  
  11  538504163.0   219883875.0   2.45    1.16     1.16  
  12  2252402039.0  1179780827.0  1.91    3.63     3.63  
  13  101541906.0    43924126.0   2.31    0.12     0.12  
  14  486391680.0   240299340.0   2.02    0.73     0.73  
  15  2446941770.0  859114031.0   2.85    3.32     3.32  
System 2603.67 (MHz) duration 30 (sec) CPU avg. 24.64%
 CPU     Cycles     Instructions  CPI   Avg (%)  Max (%) 
  0    16696202.0    3084643.0    5.41    0.02     0.02  
  1   3273663942.0  1462311391.0  2.24    6.10     6.10  
  2   1480224946.0  739896306.0   2.00    2.06     2.06  
  3   1211684934.0  350794783.0   3.45    1.51     1.51  
  4   1037876779.0  568970977.0   1.82    1.56     1.56  
  5   1214620168.0  338207723.0   3.59    2.68     2.68  
  6   1584690614.0  791264528.0   2.00    2.14     2.14  
  7   327757424.0    88858121.0   3.69    0.45     0.45  
  8   182559241.0    56292110.0   3.24    0.32     0.32  
  9    40741509.0    19296873.0   2.11    0.05     0.05  
  10  151731816.0    51439690.0   2.95    0.23     0.23  
  11   98532207.0    34647895.0   2.84    0.12     0.12  
  12  1479338422.0  505607392.0   2.93    2.02     2.02  
  13  230366381.0    75507905.0   3.05    0.32     0.32  
  14  1861133255.0  931148604.0   2.00    2.22     2.22  
  15  2304792089.0  628517468.0   3.67    2.85     2.85  
System 2177.34 (MHz) duration 30 (sec) CPU avg. 120.26%
 CPU      Cycles     Instructions  CPI   Avg (%)  Max (%) 
  0     58745917.0    13568903.0   4.33    0.09     0.09  
  1    8894852490.0  4358515927.0  2.04   11.90    11.90  
  2    7491076505.0  3880392133.0  1.93   12.65    12.65  
  3    9681396010.0  5051122053.0  1.92   12.21    12.21  
  4     41486426.0    22319279.0   1.86    0.05     0.05  
  5   13751197558.0  6014166354.0  2.29   17.70    17.70  
  6    3996435117.0  2061054932.0  1.94    4.81     4.81  
  7     63644235.0    33318165.0   1.91    0.08     0.08  
  8    2103151875.0  1084669270.0  1.94    2.51     2.51  
  9     37747876.0    19023199.0   1.98    0.05     0.05  
  10   9384685677.0  4823605627.0  1.95   11.32    11.32  
  11    88551490.0    35840781.0   2.47    0.11     0.11  
  12  13783034920.0  7223960647.0  1.91   18.36    18.36  
  13   5169793062.0  2746430998.0  1.88   11.89    11.89  
  14   3169085120.0  1642383022.0  1.93    7.80     7.80  
  15   7023579645.0  3652315684.0  1.92    8.72     8.72  
System 1896.09 (MHz) duration 30 (sec) CPU avg. 115.47%
 CPU      Cycles     Instructions  CPI   Avg (%)  Max (%) 
  0    6235858630.0  2950759299.0  2.11   10.96    10.96  
  1   12001775733.0  6247200937.0  1.92   15.39    15.39  
  2    5346085680.0  2760753943.0  1.94    8.50     8.50  
  3    9031407518.0  4716629610.0  1.91   18.35    18.35  
  4    5321460711.0  2805897444.0  1.90    6.51     6.51  
  5    7760213507.0  3718795294.0  2.09   10.35    10.35  
  6    3335750954.0  1748208316.0  1.91    4.05     4.05  
  7    2184170463.0  1083411055.0  2.02    2.96     2.96  
  8    1551174558.0  804723817.0   1.93    1.96     1.96  
  9     38696488.0    19203834.0   2.02    0.05     0.05  
  10   244431967.0   116226973.0   2.10    0.40     0.40  
  11   2483524429.0  1149133476.0  2.16    3.24     3.24  
  12   5059202351.0  2684844909.0  1.88    6.09     6.09  
  13   2078092649.0  1080833098.0  1.92    2.92     2.92  
  14  14292027724.0  7339918050.0  1.95   17.02    17.02  
  15   5073006408.0  2658829609.0  1.91    6.73     6.73  
System 2718.59 (MHz) duration 30 (sec) CPU avg. 107.27%
 CPU      Cycles     Instructions  CPI   Avg (%)  Max (%) 
  0    3294774352.0  1719244274.0  1.92    4.04     4.04  
  1   11466936807.0  5926438598.0  1.93   15.83    15.83  
  2    3764008664.0  1970711018.0  1.91    6.14     6.14  
  3    9480243536.0  4893181783.0  1.94   12.66    12.66  
  4    9502391014.0  5030772694.0  1.89   11.82    11.82  
  5    6892637954.0  3474346401.0  1.98    8.21     8.21  
  6    3396298362.0  1730194178.0  1.96    4.04     4.04  
  7    4974990992.0  2600657989.0  1.91    6.30     6.30  
  8    4469406353.0  2180790690.0  2.05    5.45     5.45  
  9     64042172.0    28484850.0   2.25    0.08     0.08  
  10   3987397707.0  2080700159.0  1.92    5.64     5.64  
  11   641520600.0   318468958.0   2.01    1.04     1.04  
  12   9181887409.0  4810565377.0  1.91   11.06    11.06  
  13   582898074.0   301051373.0   1.94    0.78     0.78  
  14   2718507597.0  1427106292.0  1.90    5.62     5.62  
  15   5085352241.0  2688349425.0  1.89    8.55     8.55  
System 2018.75 (MHz) duration 30 (sec) CPU avg. 115.06%
 CPU      Cycles     Instructions  CPI   Avg (%)  Max (%) 
  0    4903838131.0  2583244503.0  1.90    8.10     8.10  
  1    8783605810.0  4292183628.0  2.05   10.93    10.93  
  2    6310416043.0  3330206493.0  1.89    9.17     9.17  
  3   13653248782.0  7028498424.0  1.94   18.25    18.25  
  4     39446496.0    21197086.0   1.86    0.06     0.06  
  5    6444446451.0  3341234762.0  1.93    8.62     8.62  
  6    4998442228.0  2583014849.0  1.94    6.31     6.31  
  7    1640476765.0  855817503.0   1.92    2.14     2.14  
  8    1786255746.0  914948417.0   1.95    2.16     2.16  
  9     66444369.0    29280228.0   2.27    0.09     0.09  
  10   3383480080.0  1748244793.0  1.94    4.03     4.03  
  11    82836737.0    33661304.0   2.46    0.18     0.18  
  12   4545261441.0  2366965353.0  1.92    9.98     9.98  
  13    7582758.0     3080615.0    2.46    0.01     0.01  
  14  14594888893.0  7024867985.0  2.08   19.34    19.34  
  15   8889323504.0  4446218624.0  2.00   15.68    15.68  
System 1850.86 (MHz) duration 30 (sec) CPU avg. 103.51%
 CPU      Cycles     Instructions  CPI   Avg (%)  Max (%) 
  0    4169764522.0  2502809884.0  1.67    7.51     7.51  
  1   12686495111.0  6640587499.0  1.91   16.36    16.36  
  2    9543871825.0  5741954890.0  1.66   11.45    11.45  
  3    4679061356.0  2464845369.0  1.90    6.35     6.35  
  4    2896533560.0  1758600301.0  1.65    3.70     3.70  
  5    6446774466.0  3061733414.0  2.11    8.52     8.52  
  6    5982728558.0  3459684850.0  1.73    7.49     7.49  
  7     77596726.0    34314532.0   2.26    0.11     0.11  
  8    3053675842.0  1652573397.0  1.85    3.71     3.71  
  9     66990426.0    31893981.0   2.10    0.09     0.09  
  10   2718401319.0  1507364101.0  1.80    3.61     3.61  
  11   4649235167.0  2460533357.0  1.89    5.54     5.54  
  12   2617329204.0  1471972175.0  1.78    3.12     3.12  
  13   4194023163.0  2181580839.0  1.92    5.75     5.75  
  14  10826983832.0  6395278934.0  1.69   14.56    14.56  
  15   4760701424.0  2523623158.0  1.89    5.67     5.67  
System 2143.36 (MHz) duration 30 (sec) CPU avg. 84.35%
 CPU     Cycles     Instructions  CPI   Avg (%)  Max (%) 
  0   686021528.0   397179493.0   1.73    1.07     1.07  
  1   9564967870.0  4692241295.0  2.04   19.05    19.05  
  2   6752862690.0  3876733054.0  1.74   18.77    18.77  
  3   3423865775.0  1685004453.0  2.03    5.29     5.29  
  4   2837387356.0  1769915998.0  1.60    4.53     4.53  
  5   4968701450.0  1970516850.0  2.52    6.00     6.00  
  6   3623682825.0  2205385192.0  1.64    4.36     4.36  
  7    69435749.0    30082511.0   2.31    0.09     0.09  
  8   1368704083.0  717014839.0   1.91    1.63     1.63  
  9    74812439.0    29215571.0   2.56    0.10     0.10  
  10  1254591929.0  639375693.0   1.96    2.43     2.43  
  11  922400038.0   442626700.0   2.08    1.12     1.12  
  12  4221825403.0  2465632593.0  1.71    6.91     6.91  
  13  739431749.0   340910566.0   2.17    0.98     0.98  
  14  4656387613.0  2866365234.0  1.62    6.36     6.36  
  15  2683538045.0  1299223205.0  2.07    5.67     5.67  
System 1593.98 (MHz) duration 30 (sec) CPU avg. 244.22%
 CPU      Cycles     Instructions  CPI   Avg (%)  Max (%) 
  0    9479960332.0  4962768600.0  1.91   19.82    19.82  
  1   11177500500.0  5463337807.0  2.05   18.19    18.19  
  2   17915951669.0  9455596288.0  1.89   38.29    38.29  
  3   17509914606.0  9205200293.0  1.90   26.03    26.03  
  4   12500425337.0  6740597970.0  1.85   18.53    18.53  
  5   18528538351.0  9506738191.0  1.95   25.47    25.47  
  6    8840464890.0  4612528430.0  1.92   10.65    10.65  
  7     79714427.0    33299189.0   2.39    0.10     0.10  
  8    3818096583.0  2001592922.0  1.91    4.55     4.55  
  9     74064457.0    30230518.0   2.45    0.09     0.09  
  10   3804347788.0  2003888674.0  1.90    5.09     5.09  
  11   9207638267.0  4785325551.0  1.92   12.61    12.61  
  12  10507337330.0  5549490712.0  1.89   15.21    15.21  
  13   9558000896.0  5085491828.0  1.88   21.41    21.41  
  14  11050195882.0  4842253955.0  2.28   13.86    13.86  
  15  11085597361.0  5493551146.0  2.02   14.33    14.33  
System 1953.12 (MHz) duration 30 (sec) CPU avg. 189.03%
 CPU      Cycles      Instructions  CPI   Avg (%)  Max (%) 
  0   10416096656.0   5239466780.0  1.99   17.78    17.78  
  1   14408288840.0   7610553702.0  1.89   18.56    18.56  
  2    8192907733.0   4373999867.0  1.87    9.86     9.86  
  3   11946887703.0   6387376938.0  1.87   16.39    16.39  
  4    8504752979.0   4574156841.0  1.86   11.16    11.16  
  5   18935561983.0   9880999988.0  1.92   24.17    24.17  
  6    8347372744.0   4349560358.0  1.92   10.06    10.06  
  7    2423320083.0   1086743513.0  2.23    3.34     3.34  
  8    1283279662.0   606132119.0   2.12    1.80     1.80  
  9     69297364.0     29166151.0   2.38    0.09     0.09  
  10   6133251700.0   3221940569.0  1.90    7.42     7.42  
  11   1753677553.0   919385826.0   1.91    2.09     2.09  
  12   9144714702.0   4952087083.0  1.85   11.36    11.36  
  13   9716353909.0   5157908694.0  1.88   11.74    11.74  
  14  22756764390.0  11808473020.0  1.93   27.11    27.11  
  15  13163771826.0   6820366601.0  1.93   16.10    16.10  
System 2600.62 (MHz) duration 30 (sec) CPU avg. 196.35%
 CPU      Cycles     Instructions  CPI   Avg (%)  Max (%) 
  0   10129896748.0  5139459756.0  1.97   12.98    12.98  
  1   16957417424.0  8876865925.0  1.91   22.75    22.75  
  2   14625231436.0  7788531168.0  1.88   17.93    17.93  
  3   12333829993.0  6344167725.0  1.94   16.78    16.78  
  4    6524426994.0  3472470628.0  1.88    8.24     8.24  
  5    8951594114.0  4758286598.0  1.88   13.02    13.02  
  6    6261934500.0  3314736949.0  1.89    7.46     7.46  
  7    6178203505.0  3260000670.0  1.90    8.30     8.30  
  8    107539146.0    21297935.0   5.05    0.15     0.15  
  9    6209190505.0  3261544267.0  1.90    8.31     8.31  
  10   9186616164.0  4863171161.0  1.89   13.32    13.32  
  11   3241048912.0  1713350548.0  1.89    3.87     3.87  
  12   8931182424.0  4884319419.0  1.83   12.54    12.54  
  13   8917162312.0  4793834603.0  1.86   11.47    11.47  
  14  16446125151.0  8823998977.0  1.86   26.97    26.97  
  15   9730071720.0  5028493411.0  1.93   12.28    12.28  
System 2550.86 (MHz) duration 30 (sec) CPU avg. 204.74%
 CPU      Cycles      Instructions  CPI   Avg (%)  Max (%) 
  0    1987760914.0   1079618898.0  1.84    2.60     2.60  
  1   30793950503.0  16134723186.0  1.91   47.72    47.72  
  2    3079696999.0   1640889531.0  1.88    3.95     3.95  
  3    8868261185.0   4734258437.0  1.87   12.26    12.26  
  4   15870314001.0   8463679213.0  1.88   21.81    21.81  
  5    8888884046.0   4702288706.0  1.89   11.21    11.21  
  6   13741014110.0   7199052929.0  1.91   23.21    23.21  
  7     73421838.0     30575486.0   2.40    0.10     0.10  
  8    4246814889.0   2233969595.0  1.90    5.07     5.07  
  9    1697858847.0   881214774.0   1.93    2.26     2.26  
  10   7322329316.0   3763383634.0  1.95    9.30     9.30  
  11    79834878.0     30797491.0   2.59    0.11     0.11  
  12   8831534719.0   4815871012.0  1.83   11.99    11.99  
  13   8889252462.0   4733828643.0  1.88   10.99    10.99  
  14  16123964208.0   8402931599.0  1.92   23.54    23.54  
  15  11485730258.0   5413274962.0  2.12   18.64    18.64  
System 2194.22 (MHz) duration 30 (sec) CPU avg. 197.28%
 CPU      Cycles      Instructions  CPI   Avg (%)  Max (%) 
  0    2505777336.0   1444328679.0  1.73    3.81     3.81  
  1   18017707444.0   9588777579.0  1.88   27.88    27.88  
  2    2126016255.0   1281943919.0  1.66    2.87     2.87  
  3    8214628562.0   4356424494.0  1.89   10.51    10.51  
  4   25143797819.0  15286073555.0  1.64   32.76    32.76  
  5   11900947011.0   5937915638.0  2.00   15.80    15.80  
  6    6588019893.0   3825947130.0  1.72    7.93     7.93  
  7     76734453.0     31952702.0   2.40    0.10     0.10  
  8    989631030.0    513781583.0   1.93    1.18     1.18  
  9     71107510.0     27118093.0   2.62    0.08     0.08  
  10   2108100536.0   1122719938.0  1.88    3.80     3.80  
  11    80597400.0     32836036.0   2.45    0.11     0.11  
  12  12146176623.0   7184861366.0  1.69   23.87    23.87  
  13  12945385408.0   6743463011.0  1.92   17.25    17.25  
  14  17421645254.0  10394926716.0  1.68   29.56    29.56  
  15  14618851365.0   7225186338.0  2.02   19.78    19.78  
System 1741.95 (MHz) duration 30 (sec) CPU avg. 118.62%
 CPU      Cycles     Instructions  CPI   Avg (%)  Max (%) 
  0    7257801459.0  3920839193.0  1.85   13.89    13.89  
  1    7248346613.0  3665927592.0  1.98    9.37     9.37  
  2    9322570461.0  6133614900.0  1.52   19.89    19.89  
  3    6120274113.0  3111876490.0  1.97    8.02     8.02  
  4    784803187.0   395161048.0   1.99    1.62     1.62  
  5    4810382311.0  2443858666.0  1.97    6.32     6.32  
  6    6094465357.0  3700921449.0  1.65    7.34     7.34  
  7     77645664.0    32864579.0   2.36    0.11     0.11  
  8    1198840052.0  649028451.0   1.85    1.46     1.46  
  9     72001010.0    30345532.0   2.37    0.10     0.10  
  10   4217883841.0  2660282840.0  1.59    5.03     5.03  
  11   4001874192.0  1962018585.0  2.04    5.74     5.74  
  12   8288906386.0  5322632993.0  1.56    9.96     9.96  
  13   4065568269.0  2023354673.0  2.01    5.59     5.59  
  14   7571147831.0  4981946796.0  1.52    9.54     9.54  
  15  12070485194.0  6001292025.0  2.01   14.64    14.64  
System 2485.86 (MHz) duration 30 (sec) CPU avg. 330.25%
 CPU      Cycles      Instructions  CPI   Avg (%)  Max (%) 
  0    1903054604.0   1022702911.0  1.86    2.55     2.55  
  1   19919755581.0  10881684760.0  1.83   27.60    27.60  
  2   27533109642.0  14936118415.0  1.84   50.38    50.38  
  3   25069028493.0  13882478357.0  1.81   35.87    35.87  
  4   13669458238.0   7424663722.0  1.84   17.37    17.37  
  5   26710667235.0  14537546969.0  1.84   41.51    41.51  
  6   15490998024.0   8107664661.0  1.91   19.07    19.07  
  7     88960186.0     38309635.0   2.32    0.13     0.13  
  8    5243727322.0   2826316563.0  1.86    6.25     6.25  
  9     72440046.0     29482590.0   2.46    0.09     0.09  
  10   7972518711.0   4334884899.0  1.84    9.72     9.72  
  11  14495016844.0   7817111685.0  1.85   18.78    18.78  
  12   8580581919.0   4519340050.0  1.90   15.34    15.34  
  13   9198268566.0   5024883106.0  1.83   12.40    12.40  
  14  32061182209.0  17927939358.0  1.79   50.55    50.55  
  15  16918666528.0   8557585310.0  1.98   22.64    22.64  
System 1562.89 (MHz) duration 30 (sec) CPU avg. 374.20%
 CPU      Cycles      Instructions  CPI   Avg (%)  Max (%) 
  0   16709233983.0   8408415254.0  1.99   35.64    35.64  
  1   23665435725.0  12559249806.0  1.88   35.21    35.21  
  2   30140163639.0  16419737338.0  1.84   59.99    59.99  
  3   25248332364.0  14039657137.0  1.80   60.26    60.26  
  4   14891541956.0   8080017612.0  1.84   19.27    19.27  
  5   14081873665.0   7680688385.0  1.83   21.00    21.00  
  6   15021297025.0   7851070517.0  1.91   18.09    18.09  
  7    5031503750.0   2723389824.0  1.85    6.82     6.82  
  8    9319864549.0   5011598298.0  1.86   11.10    11.10  
  9    4725771053.0   2545906509.0  1.86    9.70     9.70  
  10   4708312531.0   2544634886.0  1.85    6.32     6.32  
  11   9377755039.0   5173288457.0  1.81   11.54    11.54  
  12  14101913155.0   7805998886.0  1.81   16.79    16.79  
  13  13577635793.0   7466574197.0  1.82   18.65    18.65  
  14  11277682215.0   5657035055.0  1.99   20.22    20.22  
  15  17011342978.0   8572587321.0  1.98   23.60    23.60  
System 2545.00 (MHz) duration 30 (sec) CPU avg. 334.66%
 CPU      Cycles      Instructions  CPI   Avg (%)  Max (%) 
  0    5614676083.0   3065357081.0  1.83    7.35     7.35  
  1   22066624093.0  12094709873.0  1.82   38.26    38.26  
  2   20199853380.0  10956339697.0  1.84   26.00    26.00  
  3   24242795913.0  13310981718.0  1.82   38.65    38.65  
  4   22659297070.0  12590793548.0  1.80   27.27    27.27  
  5   23956307304.0  12925768551.0  1.85   49.24    49.24  
  6    8899832048.0   4752859143.0  1.87   11.42    11.42  
  7    1679430645.0   911049559.0   1.84    2.23     2.23  
  8    5382495628.0   2914616839.0  1.85   10.35    10.35  
  9   12317954745.0   6577576293.0  1.87   26.09    26.09  
  10   1682327542.0   876301241.0   1.92    2.00     2.00  
  11   1697115687.0   907830614.0   1.87    3.67     3.67  
  12  15767514873.0   8743405346.0  1.80   22.29    22.29  
  13   6239334615.0   3393071554.0  1.84   10.24    10.24  
  14  23329703841.0  12721325335.0  1.83   41.26    41.26  
  15  14960173988.0   7932595855.0  1.89   18.34    18.34  
System 2613.20 (MHz) duration 30 (sec) CPU avg. 328.36%
 CPU      Cycles      Instructions  CPI   Avg (%)  Max (%) 
  0   18835307547.0  10125992801.0  1.86   24.03    24.03  
  1   16395270117.0   8877391535.0  1.85   33.54    33.54  
  2   10920020131.0   5922750502.0  1.84   13.01    13.01  
  3   16390978584.0   8928447285.0  1.84   22.09    22.09  
  4   10128160717.0   4996277590.0  2.03   15.50    15.50  
  5   22290747358.0  12022125709.0  1.85   32.98    32.98  
  6   13385453759.0   7183474562.0  1.86   16.71    16.71  
  7    4019371447.0   2175609789.0  1.85    5.80     5.80  
  8   13041267345.0   7020413916.0  1.86   19.44    19.44  
  9    9719657960.0   5162251976.0  1.88   20.70    20.70  
  10  14129894115.0   7278775364.0  1.94   23.91    23.91  
  11  10016003333.0   5387524430.0  1.86   11.93    11.93  
  12   137737543.0     38045111.0   3.62    0.19     0.19  
  13  13393013093.0   7273531505.0  1.84   30.00    30.00  
  14  25096412426.0  13540248538.0  1.85   40.15    40.15  
  15  13783555320.0   7491518582.0  1.84   18.38    18.38  
System 2597.97 (MHz) duration 30 (sec) CPU avg. 287.30%
 CPU      Cycles      Instructions  CPI   Avg (%)  Max (%) 
  0    253552440.0    140891555.0   1.80    0.33     0.33  
  1   23836235216.0  12728548141.0  1.87   37.76    37.76  
  2   25783856098.0  16272241897.0  1.58   32.94    32.94  
  3   22364988616.0  12225492504.0  1.83   36.87    36.87  
  4   16319259189.0  10080696241.0  1.62   22.73    22.73  
  5   13697593337.0   6924323691.0  1.98   20.17    20.17  
  6   13383407233.0   8249175548.0  1.62   16.48    16.48  
  7     77430857.0     31342209.0   2.47    0.16     0.16  
  8    5288595979.0   3113582789.0  1.70    6.78     6.78  
  9     73708427.0     28908743.0   2.55    0.10     0.10  
  10  10965376261.0   6260224467.0  1.75   13.20    13.20  
  11   8778128566.0   4505081749.0  1.95   10.49    10.49  
  12   2834389100.0   1507966706.0  1.88    3.38     3.38  
  13  17317008818.0   9173781303.0  1.89   23.48    23.48  
  14  25259869604.0  15948385303.0  1.58   44.08    44.08  
  15  14017861343.0   7154375677.0  1.96   18.35    18.35  
System 2766.17 (MHz) duration 30 (sec) CPU avg. 189.27%
 CPU      Cycles     Instructions  CPI   Avg (%)  Max (%) 
  0    3757629603.0  2527436416.0  1.49    4.53     4.53  
  1   14696568135.0  7711019013.0  1.91   25.54    25.54  
  2    5662121977.0  3817502989.0  1.48    7.24     7.24  
  3    9219229254.0  4916331258.0  1.88   12.36    12.36  
  4    7196552708.0  4722408815.0  1.52   11.49    11.49  
  5   11590227625.0  6000043692.0  1.93   16.21    16.21  
  6   14373065128.0  9888219265.0  1.45   17.18    17.18  
  7    2898847800.0  1528847981.0  1.90    3.69     3.69  
  8    3611048943.0  2478361459.0  1.46    4.31     4.31  
  9    4028803372.0  2125696303.0  1.90    6.28     6.28  
  10   5381102983.0  3637399212.0  1.48    7.43     7.43  
  11   3450696026.0  1834642647.0  1.88    4.12     4.12  
  12  13713944967.0  9319241403.0  1.47   23.91    23.91  
  13   7462055793.0  3742951371.0  1.99    9.79     9.79  
  14  11500683833.0  7938866196.0  1.45   18.03    18.03  
  15   8267414409.0  4227521625.0  1.96   17.16    17.16  
