
System 2566.09 (MHz) duration 30 (sec) CPU avg. 50.74%
 CPU     Cycles     Instructions  CPI   Avg (%)  Max (%) 
  0   3541206421.0  1061941193.0  3.33    4.60     4.60  
  1   2254142552.0  1056372226.0  2.13    5.25     5.25  
  2    41116649.0    22074970.0   1.86    0.05     0.05  
  3   2401646383.0  1135217750.0  2.12    4.47     4.47  
  4   1543669758.0  567116081.0   2.72    1.86     1.86  
  5   1657778231.0  738395655.0   2.25    3.03     3.03  
  6   567185520.0   203318810.0   2.79    0.68     0.68  
  7    1601256.0      457162.0    3.50    0.00     0.00  
  8   1138578255.0  414903764.0   2.74    1.76     1.76  
  9    8458620.0      924976.0    9.14    0.02     0.02  
  10  2611847531.0  1016702663.0  2.57    4.06     4.06  
  11   23464877.0    5988654.0    3.92    0.04     0.04  
  12  2322100437.0  953889541.0   2.43    6.17     6.17  
  13  1453309377.0  680747310.0   2.13    1.82     1.82  
  14  1926079331.0  811307740.0   2.37    4.95     4.95  
  15  5336204008.0  1637714856.0  3.26   11.99    11.99  
System 2660.78 (MHz) duration 30 (sec) CPU avg. 38.40%
 CPU     Cycles     Instructions  CPI   Avg (%)  Max (%) 
  0   1550160569.0  558745658.0   2.77    1.94     1.94  
  1   2509813431.0  1185319875.0  2.12    6.97     6.97  
  2    42882179.0    22385163.0   1.92    0.05     0.05  
  3   3025261053.0  1425463198.0  2.12    8.40     8.40  
  4   222934042.0    76109342.0   2.93    0.27     0.27  
  5   1500475764.0  642264486.0   2.34    4.17     4.17  
  6    12883512.0    3093092.0    4.17    0.02     0.02  
  7    2970451.0      566413.0    5.24    0.00     0.00  
  8   759736796.0   274356156.0   2.77    0.91     0.91  
  9    7870967.0      840360.0    9.37    0.01     0.01  
  10  3697251597.0  1598788562.0  2.31    4.46     4.46  
  11   19991155.0    5344247.0    3.74    0.03     0.03  
  12  1527428391.0  561142367.0   2.72    2.00     2.00  
  13   5942346.0     1218715.0    4.88    0.01     0.01  
  14  3067061103.0  1287940370.0  2.38    4.02     4.02  
  15  2367996792.0  1113191276.0  2.13    5.14     5.14  
System 2612.11 (MHz) duration 30 (sec) CPU avg. 41.83%
 CPU     Cycles     Instructions  CPI   Avg (%)  Max (%) 
  0   1541074710.0  546022170.0   2.82    1.97     1.97  
  1   2019087101.0  908888619.0   2.22    2.80     2.80  
  2    47172658.0    22952002.0   2.06    0.07     0.07  
  3   1986920835.0  899558861.0   2.21    3.04     3.04  
  4    22423442.0    3493569.0    6.42    0.03     0.03  
  5   1674110503.0  732578096.0   2.29    3.98     3.98  
  6   569341501.0   199701113.0   2.85    0.96     0.96  
  7    5491507.0     1019715.0    5.39    0.01     0.01  
  8    19262822.0    2647372.0    7.28    0.04     0.04  
  9    8997945.0      936406.0    9.61    0.01     0.01  
  10  4280355191.0  1907562224.0  2.24    5.10     5.10  
  11   17278095.0    4325931.0    3.99    0.02     0.02  
  12  2183454651.0  874407157.0   2.50    6.07     6.07  
  13  890974879.0   362208028.0   2.46    1.74     1.74  
  14  1698017301.0  697241145.0   2.44    3.30     3.30  
  15  5964375305.0  2129657450.0  2.80   12.69    12.69  
System 2594.38 (MHz) duration 30 (sec) CPU avg. 29.85%
 CPU     Cycles     Instructions  CPI   Avg (%)  Max (%) 
  0   1481774957.0  538028597.0   2.75    1.90     1.90  
  1   1777961073.0  786506092.0   2.26    2.71     2.71  
  2    44062989.0    21698386.0   2.03    0.06     0.06  
  3   2773585432.0  1300138312.0  2.13    3.77     3.77  
  4    23603324.0    3660055.0    6.45    0.03     0.03  
  5   1795975170.0  787066954.0   2.28    4.99     4.99  
  6   1195276572.0  434083655.0   2.75    1.49     1.49  
  7    2378834.0      457650.0    5.20    0.01     0.01  
  8   1187661381.0  433392545.0   2.74    1.53     1.53  
  9    7414954.0      770372.0    9.63    0.02     0.02  
  10  919201565.0   413345160.0   2.22    1.12     1.12  
  11   9751934.0     1910551.0    5.10    0.02     0.02  
  12  3285731672.0  1458278325.0  2.25    3.91     3.91  
  13  762075426.0   304766499.0   2.50    1.14     1.14  
  14  2321367411.0  970586986.0   2.39    3.19     3.19  
  15  2491780761.0  1126849136.0  2.21    3.95     3.95  
System 2760.70 (MHz) duration 30 (sec) CPU avg. 39.73%
 CPU     Cycles     Instructions  CPI   Avg (%)  Max (%) 
  0   1990476040.0  940267575.0   2.12    2.40     2.40  
  1   2799871521.0  1357132610.0  2.06    7.29     7.29  
  2   1307339294.0  622586242.0   2.10    1.58     1.58  
  3   3149927513.0  1544143555.0  2.04    4.59     4.59  
  4   1477249576.0  718910019.0   2.05    1.78     1.78  
  5   1714859934.0  748634495.0   2.29    4.76     4.76  
  6   427252371.0   195228202.0   2.19    0.51     0.51  
  7    1135726.0      342372.0    3.32    0.00     0.00  
  8   549460110.0   245162005.0   2.24    0.66     0.66  
  9    7705193.0      813248.0    9.47    0.01     0.01  
  10  914756580.0   443668922.0   2.06    1.93     1.93  
  11   9270030.0     1849576.0    5.01    0.02     0.02  
  12  1675622353.0  842130641.0   1.99    2.95     2.95  
  13   16254339.0    4731145.0    3.44    0.02     0.02  
  14  3478160308.0  1668343826.0  2.08    5.94     5.94  
  15  2369235060.0  790386627.0   3.00    5.27     5.27  
System 2783.83 (MHz) duration 30 (sec) CPU avg. 22.97%
 CPU     Cycles     Instructions  CPI   Avg (%)  Max (%) 
  0   1899020654.0  993034034.0   1.91    2.27     2.27  
  1   1752179809.0  669408667.0   2.62    3.95     3.95  
  2    46036509.0    22707693.0   2.03    0.06     0.06  
  3   2226904278.0  989741360.0   2.25    3.18     3.18  
  4   1274147796.0  628337917.0   2.03    1.52     1.52  
  5   1407991954.0  395675699.0   3.56    3.91     3.91  
  6   1266167551.0  309298719.0   4.09    1.63     1.63  
  7    1576635.0      422298.0    3.73    0.00     0.00  
  8    29530987.0    5619247.0    5.26    0.04     0.04  
  9    7825453.0      790711.0    9.90    0.01     0.01  
  10   5620418.0     1122715.0    5.01    0.01     0.01  
  11   9421821.0     1874765.0    5.03    0.01     0.01  
  12  1306829873.0  677308665.0   1.93    1.59     1.59  
  13   17490367.0    4976673.0    3.51    0.03     0.03  
  14  1594580725.0  804887550.0   1.98    1.92     1.92  
  15  1287386625.0  272878227.0   4.72    2.83     2.83  
System 2210.47 (MHz) duration 30 (sec) CPU avg. 160.73%
 CPU      Cycles     Instructions  CPI   Avg (%)  Max (%) 
  0    4723588736.0  2293957621.0  2.06    7.12     7.12  
  1    8076157644.0  4035676015.0  2.00   18.02    18.02  
  2    3542805560.0  1767664098.0  2.00    4.35     4.35  
  3   15681901767.0  7758273508.0  2.02   38.91    38.91  
  4    5532536497.0  2685949769.0  2.06    6.60     6.60  
  5    6163979438.0  3102048695.0  1.99   14.86    14.86  
  6    5810464661.0  2853046847.0  2.04    7.75     7.75  
  7     3159295.0      666171.0    4.74    0.01     0.01  
  8    1839412547.0  886999458.0   2.07    2.21     2.21  
  9     6844586.0      766018.0    8.94    0.01     0.01  
  10   3453015404.0  1669240713.0  2.07    4.37     4.37  
  11   825492703.0   407708913.0   2.02    1.72     1.72  
  12   6398028495.0  2989247224.0  2.14   12.91    12.91  
  13   837649368.0   411559559.0   2.04    1.83     1.83  
  14   8983840753.0  4445077498.0  2.02   18.34    18.34  
  15  10408316903.0  3974197148.0  2.62   21.73    21.73  
System 2427.11 (MHz) duration 30 (sec) CPU avg. 128.02%
 CPU      Cycles     Instructions  CPI   Avg (%)  Max (%) 
  0    1576557482.0  764024673.0   2.06    2.17     2.17  
  1   12408630268.0  5684858800.0  2.18   18.55    18.55  
  2    9950746783.0  4953620216.0  2.01   17.07    17.07  
  3    4809512068.0  2415633159.0  1.99    7.46     7.46  
  4    5723602918.0  2614386782.0  2.19    6.90     6.90  
  5   10067292492.0  4434052094.0  2.27   15.49    15.49  
  6     16257980.0    2789683.0    5.83    0.02     0.02  
  7     2339817.0      580066.0    4.03    0.00     0.00  
  8    5067231739.0  2461265476.0  2.06    6.04     6.04  
  9     8540982.0     1029199.0    8.30    0.02     0.02  
  10   7287847378.0  3274627599.0  2.23   10.88    10.88  
  11   4859634884.0  2418373781.0  2.01   10.46    10.46  
  12   6247483708.0  3138592627.0  1.99    9.33     9.33  
  13   6907269680.0  2909473340.0  2.37    8.81     8.81  
  14   4756700830.0  2310184040.0  2.06    8.67     8.67  
  15   4894219231.0  2429516771.0  2.01    6.17     6.17  
System 2646.80 (MHz) duration 30 (sec) CPU avg. 137.93%
 CPU     Cycles     Instructions  CPI   Avg (%)  Max (%) 
  0   5136882685.0  1834707881.0  2.80    6.47     6.47  
  1   8669954887.0  3818847891.0  2.27   13.42    13.42  
  2   6301253154.0  2886084751.0  2.18    7.50     7.50  
  3   8060237145.0  3777535580.0  2.13   10.87    10.87  
  4   5493004951.0  2495158735.0  2.20    7.74     7.74  
  5   7237875642.0  3572402270.0  2.03   10.67    10.67  
  6   508948888.0   247557058.0   2.06    0.65     0.65  
  7    1487590.0      388055.0    3.83    0.00     0.00  
  8   5222645535.0  2545978629.0  2.05    6.98     6.98  
  9    7757406.0      860414.0    9.02    0.01     0.01  
  10  5086635968.0  2440283184.0  2.08   10.87    10.87  
  11  974411165.0   477834539.0   2.04    2.17     2.17  
  12  9521445104.0  4678723901.0  2.04   11.43    11.43  
  13  8384561540.0  4097957514.0  2.05   23.31    23.31  
  14  5391626803.0  2624997057.0  2.05    6.54     6.54  
  15  7844663175.0  3616704190.0  2.17   19.32    19.32  
System 2663.05 (MHz) duration 30 (sec) CPU avg. 139.52%
 CPU      Cycles     Instructions  CPI   Avg (%)  Max (%) 
  0    8531376344.0  3321524097.0  2.57   10.68    10.68  
  1   10264855266.0  5085059272.0  2.02   24.74    24.74  
  2    4097439388.0  2041097673.0  2.01    5.07     5.07  
  3   13541527237.0  6648527464.0  2.04   19.98    19.98  
  4    8559197524.0  4196505913.0  2.04   10.24    10.24  
  5    7014327368.0  2932574790.0  2.39   19.48    19.48  
  6    1996417257.0  987624944.0   2.02    2.80     2.80  
  7     1350565.0      382843.0    3.53    0.00     0.00  
  8    7110189691.0  3515910844.0  2.02   10.65    10.65  
  9     7005190.0      700889.0    9.99    0.02     0.02  
  10    30634976.0    4619660.0    6.63    0.06     0.06  
  11    22861458.0    6007072.0    3.81    0.03     0.03  
  12   4763676541.0  2405762818.0  1.98    5.68     5.68  
  13    4119185.0      908710.0    4.53    0.00     0.00  
  14   6777476079.0  3248691961.0  2.09    9.33     9.33  
  15   9639139157.0  4414994653.0  2.18   20.77    20.77  
System 2437.11 (MHz) duration 30 (sec) CPU avg. 137.41%
 CPU      Cycles     Instructions  CPI   Avg (%)  Max (%) 
  0    6590025783.0  2547477939.0  2.59    9.01     9.01  
  1    6004228398.0  2970749235.0  2.02   13.03    13.03  
  2    4776894514.0  2636062101.0  1.81    5.76     5.76  
  3    9604281653.0  4685851703.0  2.05   23.07    23.07  
  4    1912728182.0  1018064405.0  1.88    2.65     2.65  
  5   10362526280.0  4622955501.0  2.24   23.54    23.54  
  6    2863236889.0  1622161186.0  1.77    3.70     3.70  
  7     1540366.0      512799.0    3.00    0.00     0.00  
  8    4037651392.0  2125000627.0  1.90    4.82     4.82  
  9     8689382.0      921679.0    9.43    0.01     0.01  
  10   4094949165.0  2159947337.0  1.90    4.88     4.88  
  11    21453471.0    5668410.0    3.78    0.03     0.03  
  12   9238722258.0  5245448854.0  1.76   11.12    11.12  
  13   1748505758.0  844839884.0   2.07    2.09     2.09  
  14  11298412151.0  5901352219.0  1.91   14.35    14.35  
  15   9075326875.0  4460420219.0  2.03   19.33    19.33  
System 2553.51 (MHz) duration 30 (sec) CPU avg. 84.74%
 CPU     Cycles     Instructions   CPI   Avg (%)  Max (%) 
  0   457647868.0   233853977.0    1.96    0.60     0.60  
  1   6133001925.0  2873598584.0   2.13   14.91    14.91  
  2   2384647997.0  1267906937.0   1.88    2.99     2.99  
  3   4389978089.0  1989822399.0   2.21   11.60    11.60  
  4   2966871429.0  1586334796.0   1.87    3.60     3.60  
  5   3899841765.0  1673637026.0   2.33    9.76     9.76  
  6   1021933307.0  552930677.0    1.85    1.33     1.33  
  7    2408579.0      501209.0     4.81    0.00     0.00  
  8   2885420714.0  1443812299.0   2.00    3.51     3.51  
  9    7807698.0      772165.0    10.11    0.02     0.02  
  10  3601582154.0  2004758855.0   1.80    4.57     4.57  
  11   25480381.0    6336900.0     4.02    0.03     0.03  
  12  7368938273.0  4350214770.0   1.69    8.78     8.78  
  13  2047697257.0  914646804.0    2.24    5.21     5.21  
  14  4193646011.0  2259285034.0   1.86    6.12     6.12  
  15  5202827572.0  2185336536.0   2.38   11.70    11.70  
System 2545.39 (MHz) duration 30 (sec) CPU avg. 201.12%
 CPU      Cycles      Instructions  CPI   Avg (%)  Max (%) 
  0    101732454.0     25835565.0   3.94    0.13     0.13  
  1   20987238739.0  10190765778.0  2.06   26.91    26.91  
  2   17457013377.0   8806654041.0  1.98   21.79    21.79  
  3   23564806142.0  11966799078.0  1.97   39.21    39.21  
  4   17146270458.0   8482808889.0  2.02   20.62    20.62  
  5   15410341823.0   6684453188.0  2.31   18.89    18.89  
  6    6328584222.0   3120359960.0  2.03    7.65     7.65  
  7     2292907.0       603771.0    3.80    0.00     0.00  
  8    3169043664.0   1565821170.0  2.02    6.71     6.71  
  9     7508239.0       821949.0    9.13    0.01     0.01  
  10   8955112518.0   4541034782.0  1.97   10.73    10.73  
  11    22450218.0     5931570.0    3.78    0.03     0.03  
  12   8814969438.0   4543322823.0  1.94   10.50    10.50  
  13    3804068.0       871073.0    4.37    0.01     0.01  
  14   8513968881.0   4249223931.0  2.00   16.39    16.39  
  15  13457367928.0   6288420548.0  2.14   21.53    21.53  
System 2691.09 (MHz) duration 30 (sec) CPU avg. 246.36%
 CPU      Cycles      Instructions  CPI   Avg (%)  Max (%) 
  0    4049695363.0   2020082291.0  2.00    5.02     5.02  
  1   22617670189.0  11339359406.0  1.99   54.40    54.40  
  2   10400716881.0   5253863560.0  1.98   23.23    23.23  
  3    8601069486.0   4406744242.0  1.95   19.04    19.04  
  4    4001718338.0   1994768592.0  2.01    5.21     5.21  
  5   10771212773.0   4925661563.0  2.19   16.74    16.74  
  6    4905780235.0   2211566355.0  2.22    7.47     7.47  
  7   10322666216.0   4821022634.0  2.14   15.49    15.49  
  8    7771939052.0   3817573911.0  2.04    9.98     9.98  
  9     7149184.0       771846.0    9.26    0.01     0.01  
  10   4921416540.0   2448456131.0  2.01    6.95     6.95  
  11   8727170995.0   4412730111.0  1.98   14.48    14.48  
  12  23781448288.0  11860761648.0  2.01   32.47    32.47  
  13   1692112991.0   869388922.0   1.95    3.39     3.39  
  14   8787841910.0   4385519474.0  2.00   10.50    10.50  
  15  10405337847.0   4844547769.0  2.15   21.99    21.99  
System 2491.88 (MHz) duration 30 (sec) CPU avg. 255.16%
 CPU      Cycles     Instructions  CPI   Avg (%)  Max (%) 
  0   11284299489.0  5025168482.0  2.25   15.09    15.09  
  1   11414551039.0  5747710194.0  1.99   18.53    18.53  
  2    8830448135.0  4607288514.0  1.92   11.37    11.37  
  3   18623108052.0  9157729750.0  2.03   30.50    30.50  
  4    3575094721.0  1787064594.0  2.00    4.30     4.30  
  5   12700165489.0  5853609631.0  2.17   29.94    29.94  
  6    3617433225.0  1801819676.0  2.01    4.31     4.31  
  7    476245736.0   239451988.0   1.99    0.59     0.59  
  8    9004528613.0  4456356425.0  2.02   13.17    13.17  
  9     7641549.0      859881.0    8.89    0.01     0.01  
  10   7147155944.0  3556530820.0  2.01   14.69    14.69  
  11  12606342573.0  6173571319.0  2.04   28.91    28.91  
  12  15106004196.0  7590384724.0  1.99   23.01    23.01  
  13   6163840524.0  3095603706.0  1.99   15.42    15.42  
  14  12276098661.0  6110308317.0  2.01   23.12    23.12  
  15   8739401733.0  4424518869.0  1.98   22.20    22.20  
System 2395.16 (MHz) duration 30 (sec) CPU avg. 184.36%
 CPU      Cycles     Instructions  CPI   Avg (%)  Max (%) 
  0    4623770388.0  2280661793.0  2.03    6.43     6.43  
  1   12789308184.0  6399498316.0  2.00   19.71    19.71  
  2    6789396852.0  3411738772.0  1.99    8.92     8.92  
  3   14073000457.0  7083137334.0  1.99   21.68    21.68  
  4    4634360053.0  2263742852.0  2.05    5.57     5.57  
  5   12346980772.0  6247345225.0  1.98   20.73    20.73  
  6    5385667542.0  2644727672.0  2.04    6.59     6.59  
  7    6230186698.0  3142428028.0  1.98    8.49     8.49  
  8    9359433678.0  4487150749.0  2.09   11.14    11.14  
  9     7333790.0      793723.0    9.24    0.01     0.01  
  10   8887125337.0  4345168774.0  2.05   11.64    11.64  
  11   6161288401.0  3146925153.0  1.96    8.12     8.12  
  12  14402860731.0  7177070124.0  2.01   18.09    18.09  
  13   5964644582.0  3025296966.0  1.97    7.87     7.87  
  14  12831784578.0  6381484021.0  2.01   15.40    15.40  
  15  11232398921.0  4959072184.0  2.27   13.95    13.95  
System 2432.97 (MHz) duration 30 (sec) CPU avg. 196.31%
 CPU      Cycles      Instructions  CPI   Avg (%)  Max (%) 
  0    7530137616.0   4035448583.0  1.87   10.32    10.32  
  1   24101197649.0  11604758581.0  2.08   38.38    38.38  
  2   11797949717.0   6827701505.0  1.73   15.28    15.28  
  3    8722820738.0   4442181602.0  1.96   11.51    11.51  
  4    5818336974.0   3227587574.0  1.80    7.00     7.00  
  5   13014018073.0   6505218296.0  2.00   17.19    17.19  
  6    2889355817.0   1525242821.0  1.89    3.52     3.52  
  7    8043774897.0   3989081296.0  2.02   16.27    16.27  
  8    3306616273.0   1795065295.0  1.84    5.22     5.22  
  9     7855382.0       913621.0    8.60    0.01     0.01  
  10   5409850056.0   3099039636.0  1.75    7.07     7.07  
  11   1001531689.0   504377202.0   1.99    1.23     1.23  
  12  16399824917.0   9402683718.0  1.74   29.29    29.29  
  13    21746508.0     5685068.0    3.83    0.06     0.06  
  14  14322525680.0   7716198191.0  1.86   17.10    17.10  
  15   9874845872.0   4431738699.0  2.23   16.88    16.88  
System 2187.66 (MHz) duration 30 (sec) CPU avg. 131.71%
 CPU      Cycles     Instructions   CPI   Avg (%)  Max (%) 
  0    6121231308.0  3772113686.0   1.62    9.33     9.33  
  1    9800828473.0  4507004590.0   2.17   14.87    14.87  
  2   10721815799.0  6686570067.0   1.60   13.64    13.64  
  3    4925006765.0  2376505924.0   2.07   13.13    13.13  
  4    5808367469.0  3375589102.0   1.72    7.21     7.21  
  5    7215082194.0  3492590014.0   2.07   19.09    19.09  
  6    2716490526.0  1369382903.0   1.98    3.76     3.76  
  7    1621932322.0  740994816.0    2.19    2.68     2.68  
  8    2469914040.0  1368502171.0   1.80    3.81     3.81  
  9     7400117.0      738574.0    10.02    0.01     0.01  
  10    19637941.0    3975860.0     4.94    0.02     0.02  
  11   3016878551.0  1433027648.0   2.11    4.02     4.02  
  12  11412386301.0  7161174784.0   1.59   14.82    14.82  
  13   3468691651.0  1638767147.0   2.12    7.56     7.56  
  14   2301626906.0  1443067323.0   1.59    4.20     4.20  
  15   9836584243.0  4172290631.0   2.36   13.56    13.56  
System 2618.05 (MHz) duration 30 (sec) CPU avg. 401.60%
 CPU      Cycles      Instructions  CPI   Avg (%)  Max (%) 
  0    7774897799.0   3653017340.0  2.13    9.90     9.90  
  1   24455316726.0  12523001161.0  1.95   32.23    32.23  
  2   21968680217.0  11351646203.0  1.94   26.27    26.27  
  3   25514352109.0  13099448686.0  1.95   52.61    52.61  
  4   16446957366.0   7967557903.0  2.06   19.78    19.78  
  5   21242236951.0   9770652727.0  2.17   49.18    49.18  
  6   14162415012.0   7071406892.0  2.00   16.87    16.87  
  7     1152088.0       359953.0    3.20    0.00     0.00  
  8   14040878082.0   6945471411.0  2.02   26.37    26.37  
  9     7229196.0       794901.0    9.09    0.01     0.01  
  10   6663571845.0   3287138904.0  2.03    7.93     7.93  
  11   4003230260.0   2064869098.0  1.94    6.82     6.82  
  12  22118234176.0  11300396712.0  1.96   59.04    59.04  
  13  12470466167.0   6004000742.0  2.08   29.18    29.18  
  14   6403308748.0   3218412172.0  1.99    8.54     8.54  
  15  23421805025.0  11626593976.0  2.01   56.88    56.88  
System 2174.06 (MHz) duration 30 (sec) CPU avg. 298.41%
 CPU      Cycles      Instructions  CPI   Avg (%)  Max (%) 
  0   19419651228.0   9552434654.0  2.03   29.77    29.77  
  1   27430530015.0  14013156779.0  1.96   35.95    35.95  
  2    4782561421.0   2420142362.0  1.98    6.94     6.94  
  3   17645965657.0   8890075920.0  1.98   24.11    24.11  
  4   17261707568.0   8439175781.0  2.05   21.05    21.05  
  5   23512222580.0  11759885873.0  2.00   34.91    34.91  
  6    3436987915.0   1680937485.0  2.04    4.15     4.15  
  7     1648850.0       459038.0    3.59    0.00     0.00  
  8   13761751655.0   6882796683.0  2.00   17.63    17.63  
  9     9257436.0      1774417.0    5.22    0.01     0.01  
  10  10516741244.0   5185984948.0  2.03   12.71    12.71  
  11   8704262742.0   4479509297.0  1.94   16.48    16.48  
  12  25848413426.0  12759793205.0  2.03   30.79    30.79  
  13  14463346592.0   7368381525.0  1.96   17.85    17.85  
  14  13638582812.0   6851072510.0  1.99   22.16    22.16  
  15  17994530692.0   8022211412.0  2.24   23.89    23.89  
System 2583.20 (MHz) duration 30 (sec) CPU avg. 343.32%
 CPU      Cycles      Instructions  CPI   Avg (%)  Max (%) 
  0    8721482139.0   4322025755.0  2.02   11.25    11.25  
  1   13040463977.0   6711498665.0  1.94   17.55    17.55  
  2   21613488955.0  10954379353.0  1.97   36.68    36.68  
  3   21557091423.0  10966068598.0  1.97   35.69    35.69  
  4   11546187404.0   5787434624.0  2.00   13.77    13.77  
  5   17219068748.0   7832077812.0  2.20   39.17    39.17  
  6    5030763177.0   2472387007.0  2.03   10.16    10.16  
  7   13589798719.0   6945988299.0  1.96   17.39    17.39  
  8    8478140731.0   4220705744.0  2.01   18.61    18.61  
  9   12767721343.0   6464912228.0  1.97   15.43    15.43  
  10  16552476102.0   8161626708.0  2.03   30.83    30.83  
  11  13206039557.0   6610717176.0  2.00   21.18    21.18  
  12  15470327181.0   7848106473.0  1.97   21.47    21.47  
  13   3850953872.0   1981410225.0  1.94    4.95     4.95  
  14  11777882828.0   5902378182.0  2.00   18.04    18.04  
  15  18269912988.0   7980551108.0  2.29   31.14    31.14  
System 2604.30 (MHz) duration 30 (sec) CPU avg. 342.03%
 CPU      Cycles      Instructions  CPI   Avg (%)  Max (%) 
  0   10886344375.0   5485003534.0  1.98   13.93    13.93  
  1   22833074789.0  11647929110.0  1.96   51.85    51.85  
  2   10663157472.0   5445633425.0  1.96   19.74    19.74  
  3   12800182359.0   6567551236.0  1.95   30.06    30.06  
  4   26235742007.0  13193823612.0  1.99   37.84    37.84  
  5   25410278332.0  12630933446.0  2.01   47.89    47.89  
  6    8098798043.0   4031117233.0  2.01   14.70    14.70  
  7    2928039610.0   1494694044.0  1.96    3.57     3.57  
  8    8252325551.0   4107502192.0  2.01   16.13    16.13  
  9     7729259.0       894699.0    8.64    0.01     0.01  
  10  11122706117.0   5485217751.0  2.03   15.78    15.78  
  11    26178024.0     6417078.0    4.08    0.04     0.04  
  12  17939046144.0   9101008935.0  1.97   35.31    35.31  
  13  22897216853.0  11648959447.0  1.97   29.42    29.42  
  14   2140895795.0   1079604542.0  1.98    2.55     2.55  
  15  14517102254.0   6962408886.0  2.09   23.23    23.23  
System 2551.33 (MHz) duration 30 (sec) CPU avg. 324.63%
 CPU      Cycles      Instructions  CPI   Avg (%)  Max (%) 
  0   12196418641.0   7166198776.0  1.70   15.93    15.93  
  1   19980875149.0   9955942586.0  2.01   29.19    29.19  
  2   15384084325.0   9046609715.0  1.70   25.19    25.19  
  3   15599714349.0   7950678893.0  1.96   22.14    22.14  
  4    2247395849.0   1114837557.0  2.02    2.92     2.92  
  5   16192459331.0   8089915765.0  2.00   37.21    37.21  
  6    9404054704.0   5236660046.0  1.80   11.79    11.79  
  7   10136218312.0   4634864883.0  2.19   13.52    13.52  
  8    6372172103.0   3424681438.0  1.86   14.33    14.33  
  9     7644472.0       851121.0    8.98    0.01     0.01  
  10  23113547356.0  13362105908.0  1.73   27.74    27.74  
  11   8592831997.0   4259076855.0  2.02   17.13    17.13  
  12  19341775672.0  11453785886.0  1.69   46.31    46.31  
  13  15777094430.0   8007655827.0  1.97   18.78    18.78  
  14  11829522315.0   6776945503.0  1.75   23.19    23.19  
  15  13708045123.0   6528196118.0  2.10   19.25    19.25  
System 2213.36 (MHz) duration 30 (sec) CPU avg. 174.60%
 CPU      Cycles      Instructions  CPI   Avg (%)  Max (%) 
  0    7081925863.0   4739876875.0  1.49   10.67    10.67  
  1   12710765690.0   6419381356.0  1.98   18.57    18.57  
  2    7859377057.0   5317227431.0  1.48    9.54     9.54  
  3   13026353799.0   6568806367.0  1.98   16.44    16.44  
  4    8584648624.0   5300729243.0  1.62   12.07    12.07  
  5   10013137291.0   4452198229.0  2.25   12.97    12.97  
  6    2282056131.0   1225451265.0  1.86    3.89     3.89  
  7    9256424135.0   4107513195.0  2.25   20.86    20.86  
  8    7108128382.0   4623047143.0  1.54    9.03     9.03  
  9     7826734.0       814389.0    9.61    0.01     0.01  
  10   6483202042.0   4313389678.0  1.50    8.09     8.09  
  11   7428625170.0   3745968582.0  1.98   12.72    12.72  
  12  16098544087.0  10706099679.0  1.50   19.60    19.60  
  13    22385835.0     5674168.0    3.95    0.03     0.03  
  14   1745902506.0   1098507296.0  1.59    2.08     2.08  
  15  11146425332.0   4698612586.0  2.37   18.04    18.04  
