
System 2113.05 (MHz) duration 30 (sec) CPU avg. 86.89%
 CPU     Cycles     Instructions  CPI   Avg (%)  Max (%) 
  0   7233960740.0  2294738087.0  3.15   11.41    11.41  
  1   3785216825.0  1716973671.0  2.20    4.55     4.55  
  2   4962495651.0  1701351504.0  2.92    6.22     6.22  
  3   2356496882.0  871253204.0   2.70    3.47     3.47  
  4   3113132504.0  1080254151.0  2.88    3.73     3.73  
  5   2374572930.0  860407136.0   2.76    2.98     2.98  
  6   6819035292.0  2094392602.0  3.26    8.13     8.13  
  7    1921481.0      432292.0    4.44    0.00     0.00  
  8   4023413841.0  1336869528.0  3.01    5.47     5.47  
  9   2388165822.0  861653222.0   2.77    4.78     4.78  
  10  4517482905.0  1445952208.0  3.12    5.70     5.70  
  11  3224016781.0  1065307402.0  3.03    4.07     4.07  
  12  3613400804.0  1366211409.0  2.64    4.49     4.49  
  13  2387471976.0  862503738.0   2.77    4.86     4.86  
  14  5584416134.0  1800240923.0  3.10    6.83     6.83  
  15  4391454471.0  1346228504.0  3.26   10.19    10.19  
System 2694.38 (MHz) duration 30 (sec) CPU avg. 99.60%
 CPU     Cycles     Instructions  CPI   Avg (%)  Max (%) 
  0   5662084169.0  1913338717.0  2.96    7.00     7.00  
  1   3805596516.0  1701572173.0  2.24    8.87     8.87  
  2   4521687224.0  1367580668.0  3.31    5.58     5.58  
  3   2380444247.0  863603141.0   2.76    3.50     3.50  
  4   2430796891.0  871386764.0   2.79    3.16     3.16  
  5   2391501832.0  853081581.0   2.80    5.54     5.54  
  6   3958898746.0  1365489965.0  2.90    9.85     9.85  
  7    2748322.0     1212703.0    2.27    0.01     0.01  
  8   6092688229.0  1915248269.0  3.18   11.68    11.68  
  9   2411440952.0  853584554.0   2.83    6.16     6.16  
  10  8915407309.0  2714719798.0  3.28   11.20    11.20  
  11  2430467497.0  858673261.0   2.83    4.57     4.57  
  12  2682295392.0  943783147.0   2.84    3.20     3.20  
  13  2405033915.0  853469457.0   2.82    2.92     2.92  
  14  7646721577.0  2408610296.0  3.17   10.05    10.05  
  15  2427043664.0  851782077.0   2.85    6.30     6.30  
System 2695.00 (MHz) duration 30 (sec) CPU avg. 82.81%
 CPU     Cycles     Instructions  CPI   Avg (%)  Max (%) 
  0   3362196945.0  1130157149.0  2.97    4.16     4.16  
  1   3733676639.0  1649296556.0  2.26    4.94     4.94  
  2   4578288580.0  1443607521.0  3.17    5.60     5.60  
  3   2321802453.0  837316020.0   2.77    5.62     5.62  
  4   4252486002.0  1676951009.0  2.54    7.56     7.56  
  5   2333266153.0  825265124.0   2.83    3.72     3.72  
  6   5044098889.0  1657775259.0  3.04    6.01     6.01  
  7    1974696.0      514719.0    3.84    0.00     0.00  
  8   5325298961.0  1731884041.0  3.07    8.42     8.42  
  9   2355380313.0  826071183.0   2.85    3.01     3.01  
  10  3933020591.0  1280222809.0  3.07    5.86     5.86  
  11  2364688113.0  828008514.0   2.86    5.75     5.75  
  12  5439380262.0  1754711446.0  3.10    7.01     7.01  
  13  2360128055.0  829309106.0   2.85    5.13     5.13  
  14  3231592174.0  1134213345.0  2.85    4.36     4.36  
  15  2374207817.0  825265419.0   2.88    5.65     5.65  
System 2702.97 (MHz) duration 30 (sec) CPU avg. 102.46%
 CPU     Cycles     Instructions  CPI   Avg (%)  Max (%) 
  0   5241919481.0  1590386502.0  3.30    6.46     6.46  
  1   3758924768.0  1651854288.0  2.28    9.68     9.68  
  2   6239490961.0  1840351134.0  3.39   14.93    14.93  
  3   2321278163.0  834887242.0   2.78    4.60     4.60  
  4   6622621263.0  2074323783.0  3.19    9.87     9.87  
  5   2335707394.0  822925287.0   2.84    2.82     2.82  
  6   6276328072.0  1972424792.0  3.18   11.35    11.35  
  7    2841048.0      547674.0    5.19    0.01     0.01  
  8   3245983586.0  1229646986.0  2.64    5.94     5.94  
  9   2358774871.0  824988981.0   2.86    3.05     3.05  
  10  2690283793.0  970103478.0   2.77    3.96     3.96  
  11  2364737999.0  824957007.0   2.87    5.33     5.33  
  12  5130695006.0  1684974034.0  3.04    6.12     6.12  
  13  2357709166.0  825484769.0   2.86    5.29     5.29  
  14  5974682488.0  1786587598.0  3.34    7.19     7.19  
  15  2367980034.0  821538212.0   2.88    5.88     5.88  
System 1708.52 (MHz) duration 30 (sec) CPU avg. 97.02%
 CPU     Cycles     Instructions  CPI   Avg (%)  Max (%) 
  0   8948252356.0  2790399860.0  3.21   17.46    17.46  
  1   3370062406.0  1530633519.0  2.20    7.43     7.43  
  2   7090905424.0  2405991892.0  2.95    9.90     9.90  
  3   2091474373.0  778714295.0   2.69    4.58     4.58  
  4   2556093653.0  936019472.0   2.73    3.19     3.19  
  5   2085745265.0  758669287.0   2.75    3.12     3.12  
  6   2516619964.0  963162665.0   2.61    3.03     3.03  
  7    2830473.0      583776.0    4.85    0.00     0.00  
  8   4895689131.0  1534319889.0  3.19    9.28     9.28  
  9   2091765186.0  752998090.0   2.78    3.01     3.01  
  10  6530335576.0  2193447654.0  2.98    8.54     8.54  
  11  2108760746.0  759724993.0   2.78    2.97     2.97  
  12  4057434327.0  1331529901.0  3.05    4.84     4.84  
  13  2106896613.0  763758821.0   2.76    4.98     4.98  
  14  8185945854.0  2570496289.0  3.18   10.83    10.83  
  15  2099884797.0  753272914.0   2.79    3.86     3.86  
System 2702.42 (MHz) duration 30 (sec) CPU avg. 39.56%
 CPU     Cycles     Instructions  CPI   Avg (%)  Max (%) 
  0   1365379527.0  460160772.0   2.97    1.68     1.68  
  1   1973235643.0  748476649.0   2.64    2.61     2.61  
  2   1884360217.0  614965682.0   3.06    2.63     2.63  
  3   1733243606.0  382411325.0   4.53    2.73     2.73  
  4   1360851324.0  462687994.0   2.94    1.71     1.71  
  5   1748803223.0  348897954.0   5.01    2.25     2.25  
  6   1495931147.0  498173769.0   3.00    1.78     1.78  
  7    1455125.0      421101.0    3.46    0.00     0.00  
  8   1760171627.0  637353508.0   2.76    2.21     2.21  
  9   1730280645.0  331582224.0   5.22    2.89     2.89  
  10  1653859528.0  603466234.0   2.74    2.19     2.19  
  11  1735872645.0  339248319.0   5.12    4.20     4.20  
  12  2860234847.0  1028929023.0  2.78    3.81     3.81  
  13  1747787807.0  350831627.0   4.98    4.58     4.58  
  14  1779993850.0  642907239.0   2.77    2.14     2.14  
  15  1708550091.0  332833790.0   5.13    2.15     2.15  
System 2779.45 (MHz) duration 30 (sec) CPU avg. 254.16%
 CPU      Cycles     Instructions  CPI   Avg (%)  Max (%) 
  0   18966466322.0  8145320797.0  2.33   22.75    22.75  
  1   13456726702.0  7428357075.0  1.81   28.54    28.54  
  2   12502123931.0  5185329976.0  2.41   27.61    27.61  
  3    7516958467.0  3964520008.0  1.90   16.98    16.98  
  4    7738037811.0  3298601862.0  2.35   11.56    11.56  
  5    6746421255.0  3753496645.0  1.80   12.10    12.10  
  6    8330344092.0  3416764026.0  2.44   16.34    16.34  
  7     1710298.0      464672.0    3.68    0.00     0.00  
  8   10519498718.0  4632819189.0  2.27   15.81    15.81  
  9    6824444732.0  3747213877.0  1.82    8.32     8.32  
  10  11930184069.0  5027917586.0  2.37   14.90    14.90  
  11   7375392900.0  3890863504.0  1.90   14.65    14.65  
  12  11011222866.0  4762257382.0  2.31   13.13    13.13  
  13   8987840367.0  4311157933.0  2.08   19.50    19.50  
  14  11121333372.0  4832824421.0  2.30   13.34    13.34  
  15   8103655585.0  4068204501.0  1.99   18.64    18.64  
System 2799.92 (MHz) duration 30 (sec) CPU avg. 243.05%
 CPU      Cycles     Instructions  CPI   Avg (%)  Max (%) 
  0   19836992257.0  8601305898.0  2.31   23.62    23.62  
  1   12687222385.0  7244463684.0  1.75   22.41    22.41  
  2   12275394209.0  5058588708.0  2.43   26.00    26.00  
  3    6715768070.0  3763726894.0  1.78   10.16    10.16  
  4   11186432882.0  4679148587.0  2.39   16.36    16.36  
  5   11057877238.0  4789875276.0  2.31   18.45    18.45  
  6    9101140144.0  3872837687.0  2.35   12.18    12.18  
  7     3194009.0      905585.0    3.53    0.01     0.01  
  8   11211334761.0  4674312252.0  2.40   19.90    19.90  
  9    6788260037.0  3732227905.0  1.82    8.53     8.53  
  10   7832247565.0  3401459771.0  2.30    9.33     9.33  
  11   6822869507.0  3749374158.0  1.82   15.66    15.66  
  12  11562526960.0  4974401160.0  2.32   21.25    21.25  
  13   6737217064.0  3755905993.0  1.79   14.13    14.13  
  14   9227547648.0  3905122452.0  2.36   10.99    10.99  
  15   6771014161.0  3740069765.0  1.81   14.09    14.09  
System 2799.06 (MHz) duration 30 (sec) CPU avg. 222.77%
 CPU      Cycles     Instructions  CPI   Avg (%)  Max (%) 
  0   17916732030.0  7558869674.0  2.37   21.34    21.34  
  1   12570631875.0  7023342447.0  1.79   15.87    15.87  
  2   11157862037.0  4713585881.0  2.37   16.36    16.36  
  3    6544435635.0  3624081528.0  1.81   12.68    12.68  
  4    8738286533.0  3589804708.0  2.43   13.01    13.01  
  5    8665369850.0  4116319910.0  2.11   14.61    14.61  
  6   11781184165.0  4868449673.0  2.42   15.64    15.64  
  7     2699830.0      776174.0    3.48    0.01     0.01  
  8    8589089098.0  3540202614.0  2.43   15.12    15.12  
  9    6609221467.0  3590098422.0  1.84   11.89    11.89  
  10   9064460208.0  4079386545.0  2.22   12.18    12.18  
  11   7304524945.0  3777707664.0  1.93   11.90    11.90  
  12  10855444554.0  4704174611.0  2.31   13.66    13.66  
  13   6566841816.0  3619418159.0  1.81   11.44    11.44  
  14  11621681216.0  4875547128.0  2.38   13.95    13.95  
  15  11109089606.0  4706078834.0  2.36   23.11    23.11  
System 1399.69 (MHz) duration 30 (sec) CPU avg. 256.03%
 CPU      Cycles      Instructions  CPI   Avg (%)  Max (%) 
  0   23246715362.0  10681956499.0  2.18   55.36    55.36  
  1   12666183163.0   6953968603.0  1.82   31.88    31.88  
  2   10453831954.0   4341482329.0  2.41   13.36    13.36  
  3    6436042459.0   3550496762.0  1.81    8.58     8.58  
  4    7963285671.0   3380208656.0  2.36   10.00    10.00  
  5    6473055261.0   3531545112.0  1.83   14.46    14.46  
  6   11520501731.0   4815013577.0  2.39   13.72    13.72  
  7     1933587.0       510853.0    3.79    0.00     0.00  
  8   10517288764.0   4538107061.0  2.32   16.11    16.11  
  9    6524769226.0   3537506135.0  1.84   15.96    15.96  
  10   9877790983.0   4241588330.0  2.33   14.20    14.20  
  11   6500795070.0   3533370992.0  1.84    8.18     8.18  
  12   3427137067.0   1531607667.0  2.24    4.32     4.32  
  13   6489060788.0   3547321096.0  1.83   17.44    17.44  
  14   3313117627.0   1538567340.0  2.15    5.93     5.93  
  15  10952860996.0   4613087128.0  2.37   26.53    26.53  
System 2766.01 (MHz) duration 30 (sec) CPU avg. 213.86%
 CPU      Cycles      Instructions  CPI   Avg (%)  Max (%) 
  0   24230909520.0  11464529962.0  2.11   29.20    29.20  
  1   13367419206.0   6827657473.0  1.96   17.32    17.32  
  2   11535188414.0   5076059980.0  2.27   15.18    15.18  
  3    6261028625.0   3355994336.0  1.87   12.75    12.75  
  4    7982195140.0   3663008373.0  2.18   18.79    18.79  
  5    8437250959.0   3841550509.0  2.20   10.85    10.85  
  6    8697338794.0   3959164398.0  2.20   12.83    12.83  
  7     2387935.0       597924.0    3.99    0.01     0.01  
  8   10832702810.0   4777020649.0  2.27   17.81    17.81  
  9    6222804426.0   3296282062.0  1.89    7.91     7.91  
  10   5952060487.0   2668393246.0  2.23    8.16     8.16  
  11   6269440519.0   3304904990.0  1.90   15.56    15.56  
  12   9878423261.0   4485670718.0  2.20   11.76    11.76  
  13   6279932960.0   3329041800.0  1.89   11.27    11.27  
  14   7950110252.0   3727448134.0  2.13    9.56     9.56  
  15   6211357395.0   3288184265.0  1.89   14.89    14.89  
System 2797.58 (MHz) duration 30 (sec) CPU avg. 134.64%
 CPU     Cycles     Instructions  CPI   Avg (%)  Max (%) 
  0   9496710233.0  4035934792.0  2.35   11.32    11.32  
  1   6698570613.0  3273775829.0  2.05   17.19    17.19  
  2   7259126602.0  2818667118.0  2.58    8.80     8.80  
  3   3795379907.0  1689380466.0  2.25    8.30     8.30  
  4   5014113106.0  2277941154.0  2.20    7.33     7.33  
  5   3629572643.0  1542656257.0  2.35    6.83     6.83  
  6   4668617073.0  2139784175.0  2.18    7.21     7.21  
  7    1643083.0      422323.0    3.89    0.00     0.00  
  8   6614687501.0  2791074882.0  2.37   11.57    11.57  
  9   3562478068.0  1506967296.0  2.36    4.48     4.48  
  10  9045419767.0  3683123593.0  2.46   16.95    16.95  
  11  3585099791.0  1512807058.0  2.37    4.71     4.71  
  12  7128226083.0  2920649536.0  2.44    8.95     8.95  
  13  3644912460.0  1586234834.0  2.30    7.82     7.82  
  14  6606738429.0  2900826413.0  2.28    8.18     8.18  
  15  3575428826.0  1504026055.0  2.38    4.98     4.98  
System 2797.73 (MHz) duration 30 (sec) CPU avg. 369.90%
 CPU      Cycles      Instructions  CPI   Avg (%)  Max (%) 
  0   34909775999.0  18690883000.0  1.87   41.59    41.59  
  1   24153567651.0  13963184538.0  1.73   60.25    60.25  
  2   17202320041.0   7484988698.0  2.30   27.07    27.07  
  3   12466378438.0   7265009573.0  1.72   15.54    15.54  
  4   14912078403.0   7188783538.0  2.07   18.19    18.19  
  5   13135079218.0   7353541582.0  1.79   18.91    18.91  
  6   15221569005.0   7280641957.0  2.09   19.17    19.17  
  7     3377941.0       965906.0    3.50    0.01     0.01  
  8   16483517564.0   7290094448.0  2.26   19.94    19.94  
  9   14062475440.0   7579457169.0  1.86   16.76    16.76  
  10  20540067407.0   9206094329.0  2.23   36.12    36.12  
  11  12725718077.0   7226679500.0  1.76   26.59    26.59  
  12   2706923231.0   1327578358.0  2.04    3.74     3.74  
  13  12435350324.0   7236379331.0  1.72   18.47    18.47  
  14  15569197541.0   7350702571.0  2.12   20.44    20.44  
  15  15347294514.0   7906916431.0  1.94   27.11    27.11  
System 2581.80 (MHz) duration 30 (sec) CPU avg. 340.21%
 CPU      Cycles      Instructions  CPI   Avg (%)  Max (%) 
  0   46546320179.0  25873641712.0  1.80   60.10    60.10  
  1   23640624060.0  13674784135.0  1.73   46.46    46.46  
  2    7108054085.0   2912222480.0  2.44    8.77     8.77  
  3   12331306351.0   7141842644.0  1.73   23.67    23.67  
  4    1571047455.0   684479613.0   2.30    2.31     2.31  
  5   14213695783.0   7571299720.0  1.88   32.40    32.40  
  6   26739186656.0  12383515023.0  2.16   38.30    38.30  
  7     2525704.0       578510.0    4.37    0.01     0.01  
  8    7879053394.0   3662977841.0  2.15   10.44    10.44  
  9   12503818502.0   7102768669.0  1.76   15.36    15.36  
  10   1620254444.0   716157665.0   2.26    1.94     1.94  
  11  13189110355.0   7274950116.0  1.81   20.32    20.32  
  12   2649122934.0   1247917758.0  2.12    3.37     3.37  
  13  12265527821.0   7111218959.0  1.72   23.21    23.21  
  14  26150107174.0  12181061587.0  2.15   34.66    34.66  
  15  14546942596.0   7641743307.0  1.90   18.90    18.90  
System 2766.88 (MHz) duration 30 (sec) CPU avg. 327.06%
 CPU      Cycles      Instructions  CPI   Avg (%)  Max (%) 
  0   40120032365.0  22380450928.0  1.79   48.33    48.33  
  1   23415202467.0  13411546526.0  1.75   42.07    42.07  
  2   18195945461.0   8325065207.0  2.19   23.62    23.62  
  3   12620530385.0   7102687248.0  1.78   20.98    20.98  
  4    4932459897.0   2402990832.0  2.05    6.00     6.00  
  5   16069761110.0   7937588837.0  2.02   32.85    32.85  
  6   11955563208.0   5497463785.0  2.17   21.66    21.66  
  7     1990893.0       590555.0    3.37    0.00     0.00  
  8   20711486072.0   9042365447.0  2.29   25.47    25.47  
  9   12514147061.0   7033375850.0  1.78   15.23    15.23  
  10   5151495502.0   2519258876.0  2.04    6.13     6.13  
  11  12311063109.0   6969860600.0  1.77   15.74    15.74  
  12   5181020614.0   2519299991.0  2.06    6.38     6.38  
  13  12085352878.0   6984678121.0  1.73   17.47    17.47  
  14  20188935546.0   8938704259.0  2.26   27.93    27.93  
  15  12767226240.0   7096162165.0  1.80   17.20    17.20  
System 2605.55 (MHz) duration 30 (sec) CPU avg. 344.31%
 CPU      Cycles      Instructions  CPI   Avg (%)  Max (%) 
  0   41142817796.0  22347339651.0  1.84   52.63    52.63  
  1   22394677243.0  12903763111.0  1.74   47.99    47.99  
  2    4922177295.0   2373560263.0  2.07    5.86     5.86  
  3   12220015957.0   6866893442.0  1.78   24.07    24.07  
  4   17306786157.0   8009144269.0  2.16   22.52    22.52  
  5   13757646248.0   7208924590.0  1.91   33.87    33.87  
  6    5022384693.0   2379273320.0  2.11    6.82     6.82  
  7    139351523.0     21161281.0   6.59    0.18     0.18  
  8   17194953216.0   7982928547.0  2.15   24.72    24.72  
  9   11967009694.0   6754886060.0  1.77   16.00    16.00  
  10  16114523868.0   6431470268.0  2.51   21.68    21.68  
  11  13077687089.0   6999140109.0  1.87   26.38    26.38  
  12  13362901116.0   6482224372.0  2.06   16.34    16.34  
  13  11760698933.0   6749268760.0  1.74   23.83    23.83  
  14   5320295725.0   2458359192.0  2.16    6.38     6.38  
  15  11908303886.0   6733846222.0  1.77   15.03    15.03  
System 2583.05 (MHz) duration 30 (sec) CPU avg. 367.89%
 CPU      Cycles      Instructions  CPI   Avg (%)  Max (%) 
  0   20558324029.0  10419233416.0  1.97   26.53    26.53  
  1   21830071767.0  12050960509.0  1.81   33.63    33.63  
  2   12712115155.0   6413421429.0  1.98   15.36    15.36  
  3   12730263444.0   6621670623.0  1.92   26.24    26.24  
  4   14820978929.0   7750672181.0  1.91   24.10    24.10  
  5   13221160746.0   6681194340.0  1.98   26.50    26.50  
  6   16936068566.0   8515273212.0  1.99   27.79    27.79  
  7     5223632.0      1987315.0    2.63    0.01     0.01  
  8   16858409865.0   8782976652.0  1.92   27.04    27.04  
  9   13113230098.0   6655756509.0  1.97   16.09    16.09  
  10  16611547885.0   8546045134.0  1.94   26.00    26.00  
  11  11944178114.0   6366598210.0  1.88   26.84    26.84  
  12  16694858991.0   8749207507.0  1.91   19.95    19.95  
  13  13101697780.0   6682892572.0  1.96   29.51    29.51  
  14  14242501196.0   7584545662.0  1.88   23.22    23.22  
  15  14644356438.0   6995356124.0  2.09   19.09    19.09  
System 2142.50 (MHz) duration 30 (sec) CPU avg. 210.47%
 CPU      Cycles     Instructions  CPI   Avg (%)  Max (%) 
  0   15481329670.0  8236634997.0  1.88   24.09    24.09  
  1   11757401342.0  6101495592.0  1.93   23.71    23.71  
  2   11868989415.0  5210720493.0  2.28   15.15    15.15  
  3    6347575997.0  3197853698.0  1.98    8.03     8.03  
  4    9765814655.0  4511355040.0  2.16   11.98    11.98  
  5    6532786648.0  3120609193.0  2.09   15.18    15.18  
  6   12340702179.0  5863150159.0  2.10   22.06    22.06  
  7     1141618.0      376002.0    3.04    0.00     0.00  
  8    7650618369.0  3626074436.0  2.11   15.31    15.31  
  9    6763442770.0  3146067922.0  2.15    8.33     8.33  
  10  11540462122.0  5342924247.0  2.16   16.21    16.21  
  11   5860179125.0  2926786808.0  2.00    7.74     7.74  
  12   6052730160.0  2958874582.0  2.05    7.23     7.23  
  13   6081562315.0  3048591097.0  1.99   13.61    13.61  
  14   7713696027.0  3889116260.0  1.98   14.51    14.51  
  15   5846793403.0  2919666408.0  2.00    7.34     7.34  
System 2776.72 (MHz) duration 30 (sec) CPU avg. 593.01%
 CPU      Cycles      Instructions  CPI   Avg (%)  Max (%) 
  0   49449671627.0  29611047111.0  1.67   59.36    59.36  
  1   35273654287.0  21278773307.0  1.66   87.48    87.48  
  2   23317867827.0  11078825901.0  2.10   35.91    35.91  
  3   19704810125.0  11483587370.0  1.72   49.72    49.72  
  4   11874028976.0   5895729256.0  2.01   14.14    14.14  
  5   20407292860.0  11608373623.0  1.76   48.86    48.86  
  6   20769330102.0  10044737349.0  2.07   24.92    24.92  
  7    278197661.0     53444301.0   5.21    0.46     0.46  
  8   20344926870.0   9960130972.0  2.04   36.89    36.89  
  9   19472564901.0  11315893549.0  1.72   52.58    52.58  
  10  12116684699.0   6013246533.0  2.01   19.49    19.49  
  11  20081730252.0  11461934033.0  1.75   42.89    42.89  
  12  20542251387.0  10045443719.0  2.04   26.00    26.00  
  13  19916341337.0  11477668904.0  1.74   28.31    28.31  
  14  22923972619.0  10990773560.0  2.09   27.59    27.59  
  15  19691684701.0  11398466571.0  1.73   38.41    38.41  
System 1245.08 (MHz) duration 30 (sec) CPU avg. 595.27%
 CPU      Cycles      Instructions  CPI   Avg (%)  Max (%) 
  0   53872808583.0  31297836669.0  1.72   144.23   144.23 
  1   34882757351.0  20976007381.0  1.66   53.36    53.36  
  2   18132568147.0   8916958914.0  2.03   23.20    23.20  
  3   20394123220.0  11519410059.0  1.77   42.12    42.12  
  4   18365397271.0   8969605705.0  2.05   23.65    23.65  
  5   19239912400.0  11173197693.0  1.72   30.45    30.45  
  6   19600012948.0   9093545407.0  2.16   36.41    36.41  
  7    367638141.0     60977373.0   6.03    0.81     0.81  
  8   17728120570.0   8807338005.0  2.01   22.43    22.43  
  9   19719622482.0  11225675998.0  1.76   40.23    40.23  
  10  18058481586.0   9075289109.0  1.99   24.32    24.32  
  11  19197741745.0  11155145670.0  1.72   41.01    41.01  
  12   9040548224.0   4568525619.0  1.98   10.78    10.78  
  13  20419828762.0  11504145261.0  1.77   29.73    29.73  
  14  16280188459.0   8304747725.0  1.96   23.76    23.76  
  15  21193319621.0  11641640127.0  1.82   48.76    48.76  
System 2799.06 (MHz) duration 30 (sec) CPU avg. 453.15%
 CPU      Cycles      Instructions  CPI   Avg (%)  Max (%) 
  0   50867655180.0  30977185267.0  1.64   60.58    60.58  
  1   34930654028.0  20892972697.0  1.67   46.69    46.69  
  2   18737222087.0   9088938435.0  2.06   27.13    27.13  
  3   20465404342.0  11491644996.0  1.78   28.87    28.87  
  4   18678369398.0   9123472371.0  2.05   24.52    24.52  
  5   23837317715.0  12236053886.0  1.95   32.41    32.41  
  6   12975514387.0   6426752059.0  2.02   15.80    15.80  
  7     29021514.0     5388089.0    5.39    0.04     0.04  
  8    8457784055.0   4369985830.0  1.94   13.27    13.27  
  9   20326497175.0  11370037687.0  1.79   40.16    40.16  
  10  29386214064.0  15710002754.0  1.87   37.35    37.35  
  11  20220022348.0  11326952295.0  1.79   48.85    48.85  
  12  12212275375.0   6021542864.0  2.03   15.47    15.47  
  13  20306971461.0  11409973039.0  1.78   24.42    24.42  
  14   8492450729.0   4341892523.0  1.96   11.66    11.66  
  15  20050319724.0  11313281151.0  1.77   25.96    25.96  
System 2753.75 (MHz) duration 30 (sec) CPU avg. 435.04%
 CPU      Cycles      Instructions  CPI   Avg (%)  Max (%) 
  0   69634322435.0  43966031676.0  1.58   84.29    84.29  
  1   33327149966.0  19967128800.0  1.67   65.85    65.85  
  2    9013674104.0   3998751779.0  2.25   10.73    10.73  
  3   18221202782.0  10612031530.0  1.72   36.84    36.84  
  4    455115243.0    134237725.0   3.39    0.61     0.61  
  5   18781648461.0  10682150226.0  1.76   42.69    42.69  
  6    385171495.0    116692950.0   3.30    0.52     0.52  
  7     12312765.0     2536014.0    4.86    0.02     0.02  
  8   10424199517.0   4658489563.0  2.24   14.11    14.11  
  9   18254349982.0  10567986008.0  1.73   23.79    23.79  
  10  40117399159.0  21073530500.0  1.90   52.62    52.62  
  11  19021309838.0  10718170934.0  1.77   22.66    22.66  
  12   602664017.0    211075998.0   2.86    0.76     0.76  
  13  18540704956.0  10643030387.0  1.74   39.16    39.16  
  14   365305937.0    117571711.0   3.11    0.44     0.44  
  15  20876114857.0  11210705502.0  1.86   39.96    39.96  
System 2799.76 (MHz) duration 30 (sec) CPU avg. 389.04%
 CPU      Cycles      Instructions  CPI   Avg (%)  Max (%) 
  0   63580788820.0  44422493811.0  1.43   75.70    75.70  
  1   31794669337.0  18345405749.0  1.73   45.51    45.51  
  2    4181713272.0   1697264661.0  2.46    5.04     5.04  
  3   17930985026.0   9940135759.0  1.80   21.46    21.46  
  4   10891488085.0   5450080911.0  2.00   17.37    17.37  
  5   17647614068.0   9767382718.0  1.81   23.56    23.56  
  6   14438845009.0   7100202607.0  2.03   19.42    19.42  
  7    489303846.0     73054592.0   6.70    0.63     0.63  
  8    4844263746.0   1871709706.0  2.59   13.07    13.07  
  9   17240496340.0   9672839459.0  1.78   24.33    24.33  
  10  40366291849.0  22762040648.0  1.77   49.22    49.22  
  11  18419145204.0   9916266173.0  1.86   26.22    26.22  
  12   6103100836.0   2205692192.0  2.77    7.27     7.27  
  13  17571153701.0   9772028855.0  1.80   37.84    37.84  
  14   291009923.0     91752303.0   3.17    0.41     0.41  
  15  18212251237.0   9902997079.0  1.84   21.99    21.99  
System 1606.95 (MHz) duration 30 (sec) CPU avg. 319.75%
 CPU      Cycles      Instructions  CPI   Avg (%)  Max (%) 
  0   26595524366.0  16692728701.0  1.59   55.17    55.17  
  1   19759810134.0  10579116530.0  1.87   38.41    38.41  
  2   15058000479.0   8070022998.0  1.87   23.13    23.13  
  3   10222064919.0   5569834988.0  1.84   12.99    12.99  
  4   12288883574.0   6676168450.0  1.84   15.01    15.01  
  5    9757903996.0   5281392218.0  1.85   13.70    13.70  
  6   11289727082.0   6213761320.0  1.82   18.75    18.75  
  7     18695368.0     4788725.0    3.90    0.05     0.05  
  8   12426010198.0   6590251093.0  1.89   19.31    19.31  
  9    9562691880.0   5189522667.0  1.84   20.79    20.79  
  10   9867228306.0   5435562630.0  1.82   12.46    12.46  
  11  10103056908.0   5321583300.0  1.90   19.51    19.51  
  12  11496649793.0   6309104711.0  1.82   13.70    13.70  
  13  11957995849.0   5857346278.0  2.04   16.95    16.95  
  14  12002656918.0   6894440073.0  1.74   17.04    17.04  
  15  11547237171.0   5679095579.0  2.03   22.78    22.78  
