
System 1568.75 (MHz) duration 30 (sec) CPU avg. 64.74%
 CPU     Cycles     Instructions  CPI   Avg (%)  Max (%) 
  0   4417229203.0  1638940084.0  2.70    9.39     9.39  
  1   3316214283.0  1833104782.0  1.81    5.32     5.32  
  2   2392783934.0  946757058.0   2.53    6.04     6.04  
  3   3349398390.0  1853119794.0  1.81    5.29     5.29  
  4   6351723349.0  2213403184.0  2.87    8.54     8.54  
  5   3350724784.0  1817520470.0  1.84    4.39     4.39  
  6   3774650311.0  1439231796.0  2.62    4.54     4.54  
  7   133869225.0    42151966.0   3.18    0.19     0.19  
  8   2471590999.0  1077563894.0  2.29    2.95     2.95  
  9   1861544650.0  942578220.0   1.97    2.74     2.74  
  10  2952965864.0  1322030456.0  2.23    3.54     3.54  
  11  105373249.0    38962022.0   2.70    0.14     0.14  
  12  3374979466.0  1342627232.0  2.51    4.61     4.61  
  13   35864098.0    5675490.0    6.32    0.05     0.05  
  14  2857464089.0  1221991296.0  2.34    4.33     4.33  
  15  1877830531.0  960825831.0   1.95    2.69     2.69  
System 1981.64 (MHz) duration 30 (sec) CPU avg. 167.39%
 CPU      Cycles     Instructions  CPI   Avg (%)  Max (%) 
  0    8335329815.0  2525844254.0  3.30   14.02    14.02  
  1    3389832488.0  1727925126.0  1.96    4.52     4.52  
  2   10068881828.0  2936642572.0  3.43   12.19    12.19  
  3    3448884548.0  1760097911.0  1.96    4.59     4.59  
  4   10687087193.0  3126451715.0  3.42   20.46    20.46  
  5    3460065307.0  1735953574.0  1.99    4.57     4.57  
  6   12101502202.0  3406276744.0  3.55   14.87    14.87  
  7    548468078.0   104882475.0   5.23    0.87     0.87  
  8   15010960301.0  4211945715.0  3.56   17.88    17.88  
  9    2141269604.0  911133332.0   2.35    2.85     2.85  
  10  14233252848.0  3994326638.0  3.56   16.96    16.96  
  11   260688663.0    63550488.0   4.10    0.32     0.32  
  12  20117912484.0  5629147506.0  3.57   47.44    47.44  
  13   226209126.0    42552259.0   5.32    0.31     0.31  
  14   1906953088.0  771430204.0   2.47    2.75     2.75  
  15   2156302227.0  933672331.0   2.31    2.79     2.79  
System 1739.22 (MHz) duration 30 (sec) CPU avg. 179.25%
 CPU      Cycles     Instructions  CPI   Avg (%)  Max (%) 
  0   10388328459.0  3020157068.0  3.44   19.91    19.91  
  1    3623907081.0  1790832126.0  2.02    7.31     7.31  
  2   11542830208.0  3278542667.0  3.52   14.25    14.25  
  3    3454953700.0  1746897541.0  1.98    4.42     4.42  
  4    3494012274.0  1164670326.0  3.00    6.56     6.56  
  5    3441613034.0  1726970645.0  1.99    4.38     4.38  
  6   12522706913.0  3630412532.0  3.45   15.01    15.01  
  7    360350443.0    58482527.0   6.16    0.87     0.87  
  8   10480484055.0  3065053668.0  3.42   12.49    12.49  
  9    2156667785.0  910023403.0   2.37    2.74     2.74  
  10   8013668646.0  2421854412.0  3.31    9.61     9.61  
  11   314655842.0    72765837.0   4.32    0.67     0.67  
  12  23589113717.0  6377781973.0  3.70   49.30    49.30  
  13   278702720.0    47246575.0   5.90    0.59     0.59  
  14  11747224912.0  3373296365.0  3.48   28.39    28.39  
  15   2148837218.0  920191404.0   2.34    2.76     2.76  
System 1200.08 (MHz) duration 30 (sec) CPU avg. 155.75%
 CPU      Cycles     Instructions  CPI   Avg (%)  Max (%) 
  0   11631787183.0  3308372133.0  3.52   32.31    32.31  
  1    3358510615.0  1692711303.0  1.98    4.43     4.43  
  2   12739092150.0  3594007274.0  3.54   15.97    15.97  
  3    3402403086.0  1713331492.0  1.99    4.20     4.20  
  4    2247076637.0  981157733.0   2.29    3.25     3.25  
  5    3537804828.0  1729104176.0  2.05    4.52     4.52  
  6    5236739220.0  1601053227.0  3.27    6.47     6.47  
  7    301246633.0    62704091.0   4.80    0.47     0.47  
  8    8659962268.0  2591490470.0  3.34   10.32    10.32  
  9    2142602956.0  895709459.0   2.39    3.01     3.01  
  10   5688306553.0  1859964044.0  3.06    9.66     9.66  
  11   269358884.0    62849520.0   4.29    0.37     0.37  
  12  21944974413.0  6051664441.0  3.63   34.83    34.83  
  13   425209632.0    71623715.0   5.94    0.51     0.51  
  14  14894095446.0  4120845022.0  3.61   22.39    22.39  
  15   2164294559.0  912282897.0   2.37    3.05     3.05  
System 1256.02 (MHz) duration 30 (sec) CPU avg. 104.59%
 CPU     Cycles     Instructions  CPI   Avg (%)  Max (%) 
  0   5538928890.0  1970138864.0  2.81   14.70    14.70  
  1   3634681982.0  1759737971.0  2.07    4.95     4.95  
  2   4938240370.0  1634792538.0  3.02   13.72    13.72  
  3   3190208033.0  1670294011.0  1.91    3.93     3.93  
  4   3235592348.0  1373669465.0  2.36    6.04     6.04  
  5   3243407270.0  1648074062.0  1.97    4.11     4.11  
  6   4460503541.0  1812945197.0  2.46    5.36     5.36  
  7   216428391.0    58789236.0   3.68    0.27     0.27  
  8   6660104164.0  2092586000.0  3.18    8.23     8.23  
  9   1882628384.0  845995714.0   2.23    2.55     2.55  
  10  7220618615.0  2447940986.0  2.95   10.42    10.42  
  11  135939301.0    29591864.0   4.59    0.29     0.29  
  12  8809260086.0  2910565255.0  3.03   12.71    12.71  
  13  106950302.0    16913196.0   6.32    0.22     0.22  
  14  9529807675.0  2911149169.0  3.27   14.20    14.20  
  15  2028103843.0  891684164.0   2.27    2.88     2.88  
System 2345.55 (MHz) duration 30 (sec) CPU avg. 57.58%
 CPU      Cycles     Instructions  CPI   Avg (%)  Max (%) 
  0    2037492296.0  675111895.0   3.02    2.90     2.90  
  1    1966957551.0  849762416.0   2.31    2.62     2.62  
  2    1424908556.0  460344076.0   3.10    1.89     1.89  
  3    1970537193.0  858754039.0   2.29    2.47     2.47  
  4    6045600824.0  1881899000.0  3.21    7.20     7.20  
  5    1902154526.0  799516729.0   2.38    2.78     2.78  
  6   11055055531.0  3027804251.0  3.65   13.26    13.26  
  7    511588723.0    97910234.0   5.23    0.68     0.68  
  8    5966035938.0  1696049116.0  3.52    7.68     7.68  
  9    1702829281.0  417711827.0   4.08    2.27     2.27  
  10   935346389.0   370578977.0   2.52    1.13     1.13  
  11   160293872.0    37418779.0   4.28    0.21     0.21  
  12   3748287735.0  1346109650.0  2.78    6.71     6.71  
  13   216168763.0    32725947.0   6.61    0.30     0.30  
  14   2711719085.0  970043402.0   2.80    3.28     3.28  
  15   1707990703.0  422327159.0   4.04    2.18     2.18  
System 1397.11 (MHz) duration 30 (sec) CPU avg. 282.42%
 CPU      Cycles     Instructions  CPI   Avg (%)  Max (%) 
  0   24798324385.0  9530853855.0  2.60   59.17    59.17  
  1   12685243658.0  7094469573.0  1.79   17.14    17.14  
  2   15451171958.0  5772235119.0  2.68   27.05    27.05  
  3   11365813265.0  6801336185.0  1.67   15.15    15.15  
  4   11753031660.0  4395799508.0  2.67   14.16    14.16  
  5   11462558311.0  6771331359.0  1.69   15.31    15.31  
  6   13047444247.0  4803157663.0  2.72   15.62    15.62  
  7    312937422.0    72546771.0   4.31    0.38     0.38  
  8   15842651379.0  5482076085.0  2.89   18.86    18.86  
  9    6030123025.0  3500789193.0  1.72    8.19     8.19  
  10  15512861162.0  5986256500.0  2.59   22.49    22.49  
  11   341881838.0    86351464.0   3.96    0.42     0.42  
  12  24439214997.0  8666442437.0  2.82   40.35    40.35  
  13   262271745.0    63900767.0   4.10    0.62     0.62  
  14  15189170218.0  5641244362.0  2.69   19.59    19.59  
  15   6030018183.0  3513287405.0  1.72    7.92     7.92  
System 1767.11 (MHz) duration 30 (sec) CPU avg. 282.16%
 CPU      Cycles     Instructions  CPI   Avg (%)  Max (%) 
  0   22195219907.0  8615538915.0  2.58   41.87    41.87  
  1   12430817425.0  7366627367.0  1.69   17.31    17.31  
  2   12925939259.0  5304377667.0  2.44   16.18    16.18  
  3   12175594718.0  7308305174.0  1.67   14.85    14.85  
  4   16665226606.0  6066280687.0  2.75   20.40    20.40  
  5   12250802701.0  7293532359.0  1.68   16.07    16.07  
  6   18296690774.0  6421715952.0  2.85   22.01    22.01  
  7    419733292.0    93851834.0   4.47    0.60     0.60  
  8   19442841162.0  7076415328.0  2.75   23.15    23.15  
  9    6483565550.0  3790044350.0  1.71    8.61     8.61  
  10  10432069671.0  4681295863.0  2.23   15.49    15.49  
  11   381617889.0    78760189.0   4.85    0.46     0.46  
  12  19912298556.0  7220952185.0  2.76   33.91    33.91  
  13   267865201.0    80456655.0   3.33    0.61     0.61  
  14  20129165527.0  7270673861.0  2.77   42.26    42.26  
  15   6493597826.0  3819762070.0  1.70    8.37     8.37  
System 1973.59 (MHz) duration 30 (sec) CPU avg. 266.44%
 CPU      Cycles     Instructions  CPI   Avg (%)  Max (%) 
  0   10945918296.0  4931780700.0  2.22   18.49    18.49  
  1   11616790877.0  6921969233.0  1.68   16.14    16.14  
  2   19150621380.0  6899030223.0  2.78   45.73    45.73  
  3   11587732435.0  6902979302.0  1.68   17.89    17.89  
  4   13323433647.0  5270865605.0  2.53   15.87    15.87  
  5   11775309203.0  6935974725.0  1.70   19.85    19.85  
  6   18558385462.0  6730723103.0  2.76   22.32    22.32  
  7    266058045.0    68112667.0   3.91    0.64     0.64  
  8   17136623143.0  6854270515.0  2.50   22.32    22.32  
  9    6136190144.0  3565397885.0  1.72    7.70     7.70  
  10  10613470264.0  4079377336.0  2.60   13.49    13.49  
  11   216341394.0    52684554.0   4.11    0.34     0.34  
  12  22007720507.0  8234178234.0  2.67   35.77    35.77  
  13   204230075.0    58325957.0   3.50    0.31     0.31  
  14  10879754149.0  4149911100.0  2.62   20.81    20.81  
  15   6091722276.0  3576082915.0  1.70    8.77     8.77  
System 1807.19 (MHz) duration 30 (sec) CPU avg. 226.62%
 CPU      Cycles     Instructions  CPI   Avg (%)  Max (%) 
  0   18370920758.0  7868335164.0  2.33   33.88    33.88  
  1   12224027757.0  7132785851.0  1.71   16.61    16.61  
  2   13654368540.0  5653773335.0  2.42   24.87    24.87  
  3   11847375041.0  7023649844.0  1.69   15.33    15.33  
  4   11475179555.0  4962086172.0  2.31   18.43    18.43  
  5   11909441178.0  7021551778.0  1.70   15.23    15.23  
  6   12773023208.0  5321161379.0  2.40   15.33    15.33  
  7    399982942.0    82880015.0   4.83    0.51     0.51  
  8    6275382886.0  3084088251.0  2.03    8.13     8.13  
  9    6841680093.0  3770641297.0  1.81    8.74     8.74  
  10  13430502704.0  5100476948.0  2.63   16.00    16.00  
  11   282578416.0    68323576.0   4.14    0.39     0.39  
  12  13819659013.0  5616856998.0  2.46   26.10    26.10  
  13   240182848.0    55342150.0   4.34    0.29     0.29  
  14  10810940879.0  4396627267.0  2.46   17.58    17.58  
  15   6188363982.0  3619003025.0  1.71    9.19     9.19  
System 1850.47 (MHz) duration 30 (sec) CPU avg. 269.50%
 CPU      Cycles     Instructions  CPI   Avg (%)  Max (%) 
  0   18004127412.0  7357354932.0  2.45   32.43    32.43  
  1   11444852931.0  6467445749.0  1.77   14.35    14.35  
  2   15132445233.0  5434339161.0  2.78   18.03    18.03  
  3   10974782094.0  6346577222.0  1.73   14.16    14.16  
  4   15189415538.0  6433635859.0  2.36   18.45    18.45  
  5   11600035729.0  6451225259.0  1.80   14.94    14.94  
  6   20752210127.0  7650984461.0  2.71   25.00    25.00  
  7    293441140.0    56753552.0   5.17    0.36     0.36  
  8   14147550551.0  5909349032.0  2.39   17.09    17.09  
  9    5824309032.0  3262992991.0  1.78    7.46     7.46  
  10  15491070318.0  6182177023.0  2.51   29.34    29.34  
  11   337714602.0    84156744.0   4.01    0.45     0.45  
  12  16734544648.0  6509374063.0  2.57   27.91    27.91  
  13   252909550.0    61548564.0   4.11    0.34     0.34  
  14  17070376121.0  6759621359.0  2.53   41.93    41.93  
  15   5920462731.0  3289506406.0  1.80    7.27     7.27  
System 2218.91 (MHz) duration 30 (sec) CPU avg. 190.23%
 CPU      Cycles     Instructions  CPI   Avg (%)  Max (%) 
  0    9406303767.0  4578267998.0  2.05   14.13    14.13  
  1    6509639129.0  3420947761.0  1.90    9.73     9.73  
  2   20768968485.0  6761457951.0  3.07   43.87    43.87  
  3    6727341223.0  3405912654.0  1.98   10.91    10.91  
  4   14989965817.0  4975543059.0  3.01   18.03    18.03  
  5    5976119170.0  3123300778.0  1.91    7.80     7.80  
  6   13010326749.0  4077699632.0  3.19   15.67    15.67  
  7    407952494.0    67700034.0   6.03    1.06     1.06  
  8   11739862423.0  3922344073.0  2.99   15.55    15.55  
  9    3801703767.0  1694326562.0  2.24    4.60     4.60  
  10  10812768688.0  3847427537.0  2.81   18.44    18.44  
  11   318021290.0    75910794.0   4.19    0.53     0.53  
  12  14543058277.0  5326496604.0  2.73   17.33    17.33  
  13   218524189.0    36633725.0   5.97    0.45     0.45  
  14   5965645556.0  2502769564.0  2.38    7.80     7.80  
  15   3432568642.0  1615159008.0  2.13    4.32     4.32  
System 2321.25 (MHz) duration 30 (sec) CPU avg. 376.23%
 CPU      Cycles      Instructions  CPI   Avg (%)  Max (%) 
  0   26906411587.0  13494413785.0  1.99   38.64    38.64  
  1   22037969464.0  13764027627.0  1.60   38.69    38.69  
  2   14890500776.0   7099440285.0  2.10   21.98    21.98  
  3   22036391605.0  13744330712.0  1.60   40.06    40.06  
  4   28248147010.0  13525685571.0  2.09   33.65    33.65  
  5   22257151825.0  13721597043.0  1.62   42.10    42.10  
  6   24596149148.0  10512972934.0  2.34   29.51    29.51  
  7    277026704.0     69024486.0   4.01    0.57     0.57  
  8   20847820660.0   9551360552.0  2.18   24.82    24.82  
  9   12107449007.0   7256552647.0  1.67   15.64    15.64  
  10  27147338860.0  11122789114.0  2.44   33.11    33.11  
  11   409344469.0     85839078.0   4.77    0.52     0.52  
  12  28291898886.0  11434796706.0  2.47   35.29    35.29  
  13   416929791.0    109998828.0   3.79    0.53     0.53  
  14   3525362012.0   1405161166.0  2.51    6.88     6.88  
  15  11761250887.0   7181154648.0  1.64   14.23    14.23  
System 2131.01 (MHz) duration 30 (sec) CPU avg. 388.80%
 CPU      Cycles      Instructions  CPI   Avg (%)  Max (%) 
  0   21330028743.0   9749068895.0  2.19   33.36    33.36  
  1   22487555478.0  13805602028.0  1.63   30.92    30.92  
  2   24744462378.0  10610582378.0  2.33   50.18    50.18  
  3   22085823395.0  13707187985.0  1.61   30.84    30.84  
  4   17454635594.0   8505563075.0  2.05   26.42    26.42  
  5   22411834110.0  13711503250.0  1.63   32.67    32.67  
  6   24275085181.0  10417902911.0  2.33   29.32    29.32  
  7    398108320.0    103287590.0   3.85    0.57     0.57  
  8   22227215660.0   9957837626.0  2.23   26.89    26.89  
  9   12525816138.0   7329558501.0  1.71   17.87    17.87  
  10  23585302268.0  10223165135.0  2.31   28.46    28.46  
  11   445266589.0     88916076.0   5.01    0.55     0.55  
  12  24546725626.0  10512529751.0  2.33   36.86    36.86  
  13   398184068.0    111622887.0   3.57    0.93     0.93  
  14  24333072175.0  10418378057.0  2.34   28.97    28.97  
  15  11718005876.0   7158295163.0  1.64   13.99    13.99  
System 1668.28 (MHz) duration 30 (sec) CPU avg. 389.85%
 CPU      Cycles      Instructions  CPI   Avg (%)  Max (%) 
  0   29000892779.0  16080306217.0  1.80   57.95    57.95  
  1   21852322841.0  13507262993.0  1.62   35.01    35.01  
  2   26001978169.0  10818998875.0  2.40   33.35    33.35  
  3   21874938713.0  13475538046.0  1.62   44.80    44.80  
  4    6948277283.0   3327799068.0  2.09   17.30    17.30  
  5   22097577883.0  13481238946.0  1.64   32.79    32.79  
  6   14985829096.0   7187183408.0  2.09   18.05    18.05  
  7    341477573.0     95433567.0   3.58    0.47     0.47  
  8   20225555894.0   8534590800.0  2.37   24.71    24.71  
  9   11683020798.0   7065197177.0  1.65   20.21    20.21  
  10  14112708526.0   6939625958.0  2.03   17.65    17.65  
  11   455984613.0    106068597.0   4.30    0.89     0.89  
  12  28363885378.0  11366885787.0  2.50   41.89    41.89  
  13   358988899.0     95118132.0   3.77    0.84     0.84  
  14  22080009743.0   9773245676.0  2.26   29.61    29.61  
  15  11601285998.0   7048660029.0  1.65   14.34    14.34  
System 1675.62 (MHz) duration 30 (sec) CPU avg. 383.66%
 CPU      Cycles      Instructions  CPI   Avg (%)  Max (%) 
  0   22395080925.0  11526225648.0  1.94   44.55    44.55  
  1   21470128817.0  13128623146.0  1.64   27.57    27.57  
  2   13303308780.0   6043763386.0  2.20   27.71    27.71  
  3   21071532651.0  13015557776.0  1.62   40.07    40.07  
  4   18003459476.0   8455510959.0  2.13   25.39    25.39  
  5   21393403149.0  13026988019.0  1.64   35.82    35.82  
  6   20367538895.0  10206038186.0  2.00   24.39    24.39  
  7    331967312.0     90099601.0   3.68    0.45     0.45  
  8   20930065882.0   9388780194.0  2.23   25.85    25.85  
  9   11378183025.0   6836064383.0  1.66   16.10    16.10  
  10  23500407682.0  10025641938.0  2.34   29.01    29.01  
  11   402523989.0     88522409.0   4.55    0.54     0.54  
  12  30323383414.0  13091948284.0  2.32   62.03    62.03  
  13   389281664.0    102531759.0   3.80    0.48     0.48  
  14   6880208100.0   2993848933.0  2.30    8.88     8.88  
  15  11540803181.0   6871895640.0  1.68   14.82    14.82  
System 2747.11 (MHz) duration 30 (sec) CPU avg. 399.75%
 CPU      Cycles      Instructions  CPI   Avg (%)  Max (%) 
  0   24298093722.0  13360446466.0  1.82   29.48    29.48  
  1   20102798074.0  11945222958.0  1.68   35.67    35.67  
  2   24385071882.0  10913304262.0  2.23   45.14    45.14  
  3   20007929756.0  11933518820.0  1.68   28.44    28.44  
  4   22155148683.0  10066791295.0  2.20   28.39    28.39  
  5   20257729885.0  11890338601.0  1.70   48.69    48.69  
  6   16590545799.0   7538178325.0  2.20   19.92    19.92  
  7    339833038.0     88567670.0   3.84    0.44     0.44  
  8   10872754735.0   4903021981.0  2.22   13.12    13.12  
  9   11186491834.0   6335952520.0  1.77   18.63    18.63  
  10  21926826642.0  10095514512.0  2.17   39.66    39.66  
  11   464581353.0     95414431.0   4.87    0.61     0.61  
  12  21973602708.0  10049392529.0  2.19   32.71    32.71  
  13   337003106.0     86754860.0   3.88    0.76     0.76  
  14  19896546501.0  10277984791.0  1.94   41.28    41.28  
  15  10566363398.0   6199104240.0  1.70   16.80    16.80  
System 1624.92 (MHz) duration 30 (sec) CPU avg. 256.97%
 CPU      Cycles     Instructions  CPI   Avg (%)  Max (%) 
  0   13342842270.0  6600243175.0  2.02   27.37    27.37  
  1   11409950755.0  6267692552.0  1.82   16.93    16.93  
  2   14620655666.0  6341526469.0  2.31   19.19    19.19  
  3   11042557492.0  6068748119.0  1.82   22.75    22.75  
  4   16118940387.0  6868593246.0  2.35   24.57    24.57  
  5   10654874532.0  5876529796.0  1.81   15.58    15.58  
  6   16735374842.0  6426784436.0  2.60   21.38    21.38  
  7    330883929.0    76314177.0   4.34    0.59     0.59  
  8   22697015204.0  8339916686.0  2.72   27.06    27.06  
  9    5642761308.0  3021901743.0  1.87    7.31     7.31  
  10  13091611220.0  5095901831.0  2.57   18.92    18.92  
  11   434978081.0    71709496.0   6.07    0.75     0.75  
  12  20212758345.0  8102884675.0  2.49   31.52    31.52  
  13   293015412.0    65235520.0   4.49    0.61     0.61  
  14  10376253674.0  4572392930.0  2.27   14.64    14.64  
  15   5644092725.0  3039841733.0  1.86    7.79     7.79  
System 2000.86 (MHz) duration 30 (sec) CPU avg. 480.54%
 CPU      Cycles      Instructions  CPI   Avg (%)  Max (%) 
  0   38195921812.0  25908500568.0  1.47   63.63    63.63  
  1   34120039556.0  22210378631.0  1.54   73.93    73.93  
  2    9760726236.0   4874903121.0  2.00   11.77    11.77  
  3   33953499908.0  22174717126.0  1.53   44.59    44.59  
  4   19737353859.0   9773890830.0  2.02   27.43    27.43  
  5   34073249155.0  22128288154.0  1.54   47.11    47.11  
  6   45181518153.0  25496207424.0  1.77   54.41    54.41  
  7    391157926.0    116200211.0   3.37    0.52     0.52  
  8   10703779016.0   5149173669.0  2.08   13.27    13.27  
  9   18835084324.0  11748053018.0  1.60   25.48    25.48  
  10   180801120.0     40579089.0   4.46    0.22     0.22  
  11   484351544.0    122571950.0   3.95    0.83     0.83  
  12  43038114904.0  25033657974.0  1.72   74.88    74.88  
  13   452080742.0    149800623.0   3.02    1.02     1.02  
  14   9160581093.0   4667494357.0  1.96   12.01    12.01  
  15  18784346485.0  11769522681.0  1.60   29.45    29.45  
System 1580.62 (MHz) duration 30 (sec) CPU avg. 548.19%
 CPU      Cycles      Instructions  CPI   Avg (%)  Max (%) 
  0   58515394974.0  42136866184.0  1.39   123.40   123.40 
  1   34071034081.0  22186159676.0  1.54   55.08    55.08  
  2   17911922624.0   8275397980.0  2.16   45.66    45.66  
  3   33733179611.0  22098910009.0  1.53   51.10    51.10  
  4    4315795891.0   2364941933.0  1.82    5.20     5.20  
  5   34239682807.0  22128571388.0  1.55   41.76    41.76  
  6   14053715082.0   7439101740.0  1.89   16.74    16.74  
  7    480461104.0    137421372.0   3.50    1.11     1.11  
  8   12970859221.0   6072170440.0  2.14   15.87    15.87  
  9   18820027139.0  11734939435.0  1.60   23.54    23.54  
  10  22012106937.0  10316924158.0  2.13   30.04    30.04  
  11   556911127.0    147749733.0   3.77    0.67     0.67  
  12  33879658792.0  16831725567.0  2.01   75.01    75.01  
  13   503732443.0    186579118.0   2.70    1.16     1.16  
  14  17951802282.0   8223893315.0  2.18   36.93    36.93  
  15  18636030641.0  11752224493.0  1.59   24.92    24.92  
System 1792.42 (MHz) duration 30 (sec) CPU avg. 551.58%
 CPU      Cycles      Instructions  CPI   Avg (%)  Max (%) 
  0   40951439003.0  26777574717.0  1.53   76.16    76.16  
  1   33581175520.0  21626689463.0  1.55   54.04    54.04  
  2   10871779451.0   5566154841.0  1.95   13.05    13.05  
  3   33535927164.0  21580648063.0  1.55   67.39    67.39  
  4   20248243060.0  10357678361.0  1.95   41.46    41.46  
  5   33418654550.0  21464489081.0  1.56   74.28    74.28  
  6   10602092779.0   5454128345.0  1.94   12.79    12.79  
  7    400000812.0    126444912.0   3.16    0.50     0.50  
  8   32646625504.0  18908767968.0  1.73   46.07    46.07  
  9   19390976423.0  11619155968.0  1.67   25.03    25.03  
  10  18854415145.0   9643513076.0  1.96   23.23    23.23  
  11   420169631.0    134149144.0   3.13    0.51     0.51  
  12  28475728624.0  14089759011.0  2.02   64.40    64.40  
  13   430074444.0    144108828.0   2.98    0.97     0.97  
  14  18698117762.0   9594106937.0  1.95   22.28    22.28  
  15  18214894891.0  11379927973.0  1.60   29.43    29.43  
System 1702.66 (MHz) duration 30 (sec) CPU avg. 494.61%
 CPU      Cycles      Instructions  CPI   Avg (%)  Max (%) 
  0   33193671519.0  17758665047.0  1.87   64.98    64.98  
  1   32669924842.0  20768721867.0  1.57   46.68    46.68  
  2   29153760475.0  14007464925.0  2.08   43.21    43.21  
  3   32376396936.0  20697091050.0  1.56   46.40    46.40  
  4   26555108400.0  13113543984.0  2.03   36.79    36.79  
  5   32342062116.0  20644282453.0  1.57   44.63    44.63  
  6   28321543445.0  13521766111.0  2.09   33.76    33.76  
  7    430790314.0    126222386.0   3.41    0.89     0.89  
  8   19849905661.0  10932456804.0  1.82   24.83    24.83  
  9   17664410556.0  10901063370.0  1.62   21.76    21.76  
  10  31748712180.0  14908016464.0  2.13   38.97    38.97  
  11   557966892.0    146584330.0   3.81    0.66     0.66  
  12  28586582636.0  13853700819.0  2.06   42.75    42.75  
  13   474384576.0    149856710.0   3.17    0.56     0.56  
  14  19158244274.0   9550060078.0  2.01   24.24    24.24  
  15  17714844294.0  10939027045.0  1.62   23.49    23.49  
System 1969.30 (MHz) duration 30 (sec) CPU avg. 510.04%
 CPU      Cycles      Instructions  CPI   Avg (%)  Max (%) 
  0   51379960469.0  38673898704.0  1.33   86.97    86.97  
  1   29234595128.0  18508395690.0  1.58   40.25    40.25  
  2   26907885386.0  10572780800.0  2.55   49.34    49.34  
  3   29972976379.0  18618941788.0  1.61   40.53    40.53  
  4   20727213891.0  10289203944.0  2.01   28.27    28.27  
  5   30723087035.0  18709161832.0  1.64   56.46    56.46  
  6   20718611088.0  10236922786.0  2.02   25.84    25.84  
  7    423117967.0    111185553.0   3.81    0.71     0.71  
  8   22838068802.0   9580246749.0  2.38   27.22    27.22  
  9   16517350614.0   9850929099.0  1.68   22.61    22.61  
  10  14918036400.0   7701503809.0  1.94   18.42    18.42  
  11   508637830.0    129587462.0   3.93    0.98     0.98  
  12  30891295874.0  14880064919.0  2.08   62.37    62.37  
  13   473304775.0    145724854.0   3.25    0.58     0.58  
  14   8095639293.0   3305733109.0  2.45   14.73    14.73  
  15  16400438088.0   9856820807.0  1.66   34.75    34.75  
System 1392.66 (MHz) duration 30 (sec) CPU avg. 321.21%
 CPU      Cycles      Instructions  CPI   Avg (%)  Max (%) 
  0   30838193428.0  19926090057.0  1.55   73.81    73.81  
  1   18523497384.0  10602322617.0  1.75   23.97    23.97  
  2   16999115700.0   6514787523.0  2.61   23.05    23.05  
  3   18293257896.0  10411837913.0  1.76   23.61    23.61  
  4   13606248419.0   6329229534.0  2.15   17.83    17.83  
  5   17745789401.0  10089500867.0  1.76   23.02    23.02  
  6   15265115717.0   8284009962.0  1.84   18.33    18.33  
  7    381915224.0     86694257.0   4.41    0.51     0.51  
  8   12018044032.0   5601614390.0  2.15   14.36    14.36  
  9    9311659115.0   5299873836.0  1.76   11.16    11.16  
  10  18760084638.0   8580458904.0  2.19   22.64    22.64  
  11   436739366.0     89297255.0   4.89    0.58     0.58  
  12  17904702743.0   8695423570.0  2.06   27.19    27.19  
  13   295463433.0     77983394.0   3.79    0.50     0.50  
  14  22380596496.0   9757259974.0  2.29   29.13    29.13  
  15   9195813503.0   5300367672.0  1.73   11.52    11.52  
