
System 2766.56 (MHz) duration 30 (sec) CPU avg. 93.84%
 CPU     Cycles     Instructions  CPI   Avg (%)  Max (%) 
  0   6892971050.0  2827977388.0  2.44    8.31     8.31  
  1   5025352753.0  2781793422.0  1.81   11.81    11.81  
  2   5065652922.0  1991807940.0  2.54    6.08     6.08  
  3   5015543627.0  2792322443.0  1.80   11.27    11.27  
  4   4632498180.0  1857889240.0  2.49    6.56     6.56  
  5   5008506721.0  2768095025.0  1.81   12.28    12.28  
  6   3268483127.0  1403302548.0  2.33    3.89     3.89  
  7    3872473.0      752884.0    5.14    0.01     0.01  
  8   4851753346.0  1986934184.0  2.44    5.85     5.85  
  9   2931791155.0  1379018855.0  2.13    3.84     3.84  
  10  3482953869.0  1472514739.0  2.37    4.29     4.29  
  11   4364854.0      947775.0    4.61    0.01     0.01  
  12  5735098736.0  2229910775.0  2.57    7.32     7.32  
  13   22034427.0    5619327.0    3.92    0.06     0.06  
  14  3737862120.0  1569012870.0  2.38    5.54     5.54  
  15  2928479611.0  1387657726.0  2.11    6.73     6.73  
System 2746.88 (MHz) duration 30 (sec) CPU avg. 93.39%
 CPU     Cycles     Instructions  CPI   Avg (%)  Max (%) 
  0   4413415389.0  1595266812.0  2.77    5.36     5.36  
  1   4922887563.0  2740692821.0  1.80   12.04    12.04  
  2   5393808019.0  2074527320.0  2.60    6.59     6.59  
  3   4953973439.0  2753871931.0  1.80    9.82     9.82  
  4   5321809264.0  2034688971.0  2.62    7.66     7.66  
  5   4960773779.0  2739925123.0  1.81    6.02     6.02  
  6   5209667315.0  2030358889.0  2.57    6.33     6.33  
  7    3259606.0      674757.0    4.83    0.01     0.01  
  8   3911965630.0  1754558450.0  2.23    6.16     6.16  
  9   2895429476.0  1367370414.0  2.12    3.71     3.71  
  10  5186678635.0  2218692080.0  2.34    8.07     8.07  
  11   5406047.0     1164867.0    4.64    0.01     0.01  
  12  6081675915.0  2295855096.0  2.65    7.25     7.25  
  13   22967153.0    5874663.0    3.91    0.05     0.05  
  14  5223164299.0  2081287907.0  2.51    6.29     6.29  
  15  2887854394.0  1371165652.0  2.11    8.03     8.03  
System 2686.72 (MHz) duration 30 (sec) CPU avg. 101.35%
 CPU     Cycles     Instructions  CPI   Avg (%)  Max (%) 
  0   5894956224.0  2207314408.0  2.67    7.31     7.31  
  1   4947594284.0  2760379541.0  1.79   12.08    12.08  
  2   6024065445.0  2216956672.0  2.72    7.59     7.59  
  3   4974835263.0  2773073076.0  1.79    6.03     6.03  
  4   6338957346.0  2380615752.0  2.66   10.66    10.66  
  5   4979583417.0  2757861251.0  1.81    6.73     6.73  
  6   5633283534.0  2095070708.0  2.69   12.44    12.44  
  7    4327122.0      951026.0    4.55    0.01     0.01  
  8   5015553459.0  1974981355.0  2.54    7.03     7.03  
  9   2903723778.0  1378750364.0  2.11    5.95     5.95  
  10  3494069515.0  1427317822.0  2.45    4.45     4.45  
  11   15821946.0    4044164.0    3.91    0.03     0.03  
  12  3408966038.0  1575125439.0  2.16    4.07     4.07  
  13   11871524.0    2838608.0    4.18    0.02     0.02  
  14  8050426583.0  3031386174.0  2.66    9.59     9.59  
  15  2893672317.0  1378448722.0  2.10    7.34     7.34  
System 2732.97 (MHz) duration 30 (sec) CPU avg. 96.26%
 CPU     Cycles     Instructions  CPI   Avg (%)  Max (%) 
  0   7420123806.0  2585126129.0  2.87    9.05     9.05  
  1   4938798381.0  2750716942.0  1.80   12.34    12.34  
  2   3831140654.0  1694282016.0  2.26    4.65     4.65  
  3   4962338493.0  2763321104.0  1.80   10.08    10.08  
  4   4650681458.0  1948488235.0  2.39    7.00     7.00  
  5   4972279499.0  2749695579.0  1.81    5.96     5.96  
  6   4039949368.0  1577780045.0  2.56    9.01     9.01  
  7    1652097.0      458199.0    3.61    0.00     0.00  
  8   4207053392.0  1792841253.0  2.35    9.01     9.01  
  9   2919471345.0  1379083391.0  2.12    4.04     4.04  
  10  5807507578.0  2342585561.0  2.48    7.49     7.49  
  11   4402548.0      932050.0    4.72    0.01     0.01  
  12  3934385901.0  1684060859.0  2.34    4.99     4.99  
  13   21547233.0    5610486.0    3.84    0.03     0.03  
  14  5211455281.0  2099181516.0  2.48    6.21     6.21  
  15  2911217272.0  1377687392.0  2.11    6.40     6.40  
System 2714.69 (MHz) duration 30 (sec) CPU avg. 91.12%
 CPU     Cycles     Instructions  CPI   Avg (%)  Max (%) 
  0   5069598085.0  2152792862.0  2.35    6.22     6.22  
  1   4956728128.0  2679353875.0  1.85   11.77    11.77  
  2   4838332337.0  2002174120.0  2.42    5.95     5.95  
  3   4987149315.0  2688579224.0  1.85    5.94     5.94  
  4   5053589488.0  2163382166.0  2.34    7.12     7.12  
  5   4973625872.0  2668863911.0  1.86    5.93     5.93  
  6   7579766413.0  2864473123.0  2.65   12.63    12.63  
  7    1607689.0      434950.0    3.70    0.00     0.00  
  8   6113240753.0  2634368247.0  2.32    7.94     7.94  
  9   2904991760.0  1328013129.0  2.19    6.30     6.30  
  10  4133740630.0  1639142169.0  2.52    6.78     6.78  
  11   3852412.0      820030.0    4.70    0.01     0.01  
  12  3935006186.0  1828730618.0  2.15    5.43     5.43  
  13   22951587.0    5911570.0    3.88    0.05     0.05  
  14  4335584671.0  2029315119.0  2.14    5.41     5.41  
  15  2887350088.0  1328559532.0  2.17    3.63     3.63  
System 2425.94 (MHz) duration 30 (sec) CPU avg. 51.33%
 CPU     Cycles     Instructions  CPI   Avg (%)  Max (%) 
  0   1808891760.0  809649582.0   2.23    2.49     2.49  
  1   2564710467.0  1157798987.0  2.22    3.84     3.84  
  2   2401105051.0  993913512.0   2.42    5.17     5.17  
  3   2600723255.0  1164570156.0  2.23    6.77     6.77  
  4   2042209797.0  867111304.0   2.36    2.63     2.63  
  5   2643779092.0  1124430417.0  2.35    3.24     3.24  
  6   2887415611.0  1269508543.0  2.27    3.44     3.44  
  7    2511875.0      656084.0    3.83    0.01     0.01  
  8   1595906530.0  711126525.0   2.24    1.95     1.95  
  9   2037424100.0  544366717.0   3.74    2.58     2.58  
  10  4226798496.0  1496247868.0  2.82    9.06     9.06  
  11   10220176.0    2554800.0    4.00    0.01     0.01  
  12  1521932814.0  738248948.0   2.06    2.73     2.73  
  13   17614361.0    4340085.0    4.06    0.04     0.04  
  14  2448540914.0  1063760790.0  2.30    3.59     3.59  
  15  2004336686.0  545235046.0   3.68    3.78     3.78  
System 2452.73 (MHz) duration 30 (sec) CPU avg. 269.74%
 CPU      Cycles      Instructions  CPI   Avg (%)  Max (%) 
  0   39991741604.0  24071244285.0  1.66   54.35    54.35  
  1   18858325756.0  12078121001.0  1.56   24.29    24.29  
  2   10317858761.0   5181938448.0  1.99   12.73    12.73  
  3   19396765368.0  12248299238.0  1.58   46.14    46.14  
  4   12352586828.0   6796302121.0  1.82   14.72    14.72  
  5   18822761278.0  12088215301.0  1.56   33.48    33.48  
  6    5007584296.0   2548542118.0  1.96    7.69     7.69  
  7     8478341.0      1546071.0    5.48    0.02     0.02  
  8    4554380621.0   2449568764.0  1.86    7.84     7.84  
  9   11648264638.0   6582699058.0  1.77   24.59    24.59  
  10   4717164663.0   2496509726.0  1.89    5.96     5.96  
  11    5553218.0      1140437.0    4.87    0.01     0.01  
  12   4508919898.0   2462488646.0  1.83    5.76     5.76  
  13    22184902.0     5619462.0    3.95    0.05     0.05  
  14  12684547751.0   6924337380.0  1.83   18.02    18.02  
  15  11189327210.0   6477502911.0  1.73   14.09    14.09  
System 2797.66 (MHz) duration 30 (sec) CPU avg. 289.30%
 CPU      Cycles      Instructions  CPI   Avg (%)  Max (%) 
  0   13706228654.0   7422380147.0  1.85   16.33    16.33  
  1   19489744885.0  12152839410.0  1.60   30.72    30.72  
  2   12002383278.0   6269409056.0  1.91   14.49    14.49  
  3   19350982083.0  12158497210.0  1.59   23.18    23.18  
  4   13906263988.0   7292955354.0  1.91   16.76    16.76  
  5   18841680224.0  12004447828.0  1.57   37.18    37.18  
  6   14005125654.0   7235374798.0  1.94   25.53    25.53  
  7     2655440.0      1182779.0    2.25    0.00     0.00  
  8   13552847965.0   7135950857.0  1.90   21.52    21.52  
  9    9880616993.0   6091710440.0  1.62   21.62    21.62  
  10  12487442157.0   6923746262.0  1.80   20.62    20.62  
  11    8200975.0      2507832.0    3.27    0.01     0.01  
  12  12771698810.0   7036518487.0  1.82   16.68    16.68  
  13    24398057.0     6177758.0    3.95    0.05     0.05  
  14  13208381656.0   7147316708.0  1.85   15.88    15.88  
  15  11144327630.0   6410770612.0  1.74   28.71    28.71  
System 2743.28 (MHz) duration 30 (sec) CPU avg. 254.83%
 CPU      Cycles      Instructions  CPI   Avg (%)  Max (%) 
  0   31031570551.0  18140069021.0  1.71   37.71    37.71  
  1   18813759012.0  12032336514.0  1.56   22.59    22.59  
  2   11111588423.0   5137925431.0  2.16   15.61    15.61  
  3   19049313963.0  12126176374.0  1.57   25.56    25.56  
  4    4197969253.0   2172829757.0  1.93    5.07     5.07  
  5   18893567941.0  12046429229.0  1.57   35.79    35.79  
  6   13595840030.0   7138399704.0  1.90   16.20    16.20  
  7     24547586.0     3948882.0    6.22    0.04     0.04  
  8    4656833510.0   2274930007.0  2.05    5.63     5.63  
  9    9933791981.0   6125051794.0  1.62   12.76    12.76  
  10  15348666456.0   7631448330.0  2.01   20.85    20.85  
  11   101187631.0     14986356.0   6.75    0.23     0.23  
  12  13537009675.0   7224848985.0  1.87   23.92    23.92  
  13    23527946.0     5915265.0    3.98    0.05     0.05  
  14  10889083485.0   5892362619.0  1.85   13.29    13.29  
  15   9872234501.0   6110334345.0  1.62   19.53    19.53  
System 2633.36 (MHz) duration 30 (sec) CPU avg. 274.52%
 CPU      Cycles      Instructions  CPI   Avg (%)  Max (%) 
  0   12619340405.0   6708407814.0  1.88   15.97    15.97  
  1   18724967680.0  11855702990.0  1.58   29.50    29.50  
  2    8835310750.0   4633518996.0  1.91   11.32    11.32  
  3   18397943673.0  11789696233.0  1.56   23.31    23.31  
  4   13159524877.0   7026044383.0  1.87   16.61    16.61  
  5   19469087323.0  12040434838.0  1.62   25.19    25.19  
  6   13817477188.0   7109502590.0  1.94   22.47    22.47  
  7     1926168.0       560012.0    3.44    0.00     0.00  
  8   12949679901.0   6894970404.0  1.88   15.44    15.44  
  9   10766177032.0   6242043133.0  1.72   28.29    28.29  
  10  12859145311.0   6936393299.0  1.85   17.56    17.56  
  11    6349434.0      1304570.0    4.87    0.01     0.01  
  12  16530039959.0   9185324804.0  1.80   27.71    27.71  
  13    21722078.0     5702653.0    3.81    0.03     0.03  
  14  11731328849.0   6591132846.0  1.78   16.23    16.23  
  15   9751146116.0   6001821553.0  1.62   24.89    24.89  
System 2536.88 (MHz) duration 30 (sec) CPU avg. 289.34%
 CPU      Cycles      Instructions  CPI   Avg (%)  Max (%) 
  0   39970772499.0  25718683618.0  1.55   52.52    52.52  
  1   17908554165.0  10922629221.0  1.64   22.94    22.94  
  2    8759046733.0   4641387769.0  1.89   15.51    15.51  
  3   17951828157.0  10917876891.0  1.64   34.68    34.68  
  4    8821388083.0   4874714927.0  1.81   13.21    13.21  
  5   17855951509.0  10869851672.0  1.64   31.99    31.99  
  6    4260326905.0   2124991791.0  2.00    5.10     5.10  
  7     77099500.0     11370197.0   6.78    0.10     0.10  
  8    9309788597.0   4893206740.0  1.90   14.63    14.63  
  9    9271210348.0   5482165289.0  1.69   19.52    19.52  
  10   7959780466.0   4542398398.0  1.75   18.03    18.03  
  11    5840523.0      1189669.0    4.91    0.01     0.01  
  12  11526974037.0   6285127782.0  1.83   32.02    32.02  
  13    31084161.0     7159835.0    4.34    0.04     0.04  
  14   4003686442.0   2104661754.0  1.90    5.93     5.93  
  15  10516728455.0   5810779733.0  1.81   23.10    23.10  
System 2497.03 (MHz) duration 30 (sec) CPU avg. 151.31%
 CPU      Cycles     Instructions  CPI   Avg (%)  Max (%) 
  0   14545372436.0  7805530124.0  1.86   19.42    19.42  
  1    9326629443.0  5100230867.0  1.83   14.54    14.54  
  2    6969038914.0  3526239873.0  1.98    9.48     9.48  
  3    9084916773.0  4990883596.0  1.82   19.58    19.58  
  4    5539174158.0  2851495348.0  1.94    9.97     9.97  
  5    8735851748.0  4821900488.0  1.81   17.89    17.89  
  6    9335111286.0  4672196567.0  2.00   11.12    11.12  
  7     1271363.0      330066.0    3.85    0.00     0.00  
  8    5904954899.0  3181034070.0  1.86    7.22     7.22  
  9    4965232018.0  2429120704.0  2.04    6.62     6.62  
  10   5520114750.0  2840443879.0  1.94    6.80     6.80  
  11    4574789.0     1016729.0    4.50    0.01     0.01  
  12   7604097776.0  4022204009.0  1.89    9.13     9.13  
  13    23915828.0    5893662.0    4.06    0.05     0.05  
  14   4558694786.0  2289506521.0  1.99    7.02     7.02  
  15   4888464746.0  2431732638.0  2.01   12.46    12.46  
System 2796.80 (MHz) duration 30 (sec) CPU avg. 511.95%
 CPU      Cycles      Instructions  CPI   Avg (%)  Max (%) 
  0   52214852196.0  36532459677.0  1.43   62.23    62.23  
  1   33980510358.0  22355706616.0  1.52   56.08    56.08  
  2    7579411797.0   4157692535.0  1.82   13.02    13.02  
  3   34415480800.0  22529639711.0  1.53   86.76    86.76  
  4    6347445984.0   3624548370.0  1.75    8.36     8.36  
  5   33942829711.0  22364481615.0  1.52   63.54    63.54  
  6   16036237440.0   8644539225.0  1.86   19.61    19.61  
  7    115090942.0     27785903.0   4.14    0.14     0.14  
  8   15862085452.0   8613694444.0  1.84   23.78    23.78  
  9   18021487044.0  11561770226.0  1.56   38.37    38.37  
  10   6038407286.0   3549517165.0  1.70   12.33    12.33  
  11   191094984.0     47878465.0   3.99    0.34     0.34  
  12  42084614890.0  24920009840.0  1.69   78.46    78.46  
  13   113509582.0     24329706.0   4.67    0.19     0.19  
  14   6200640364.0   3707853164.0  1.67    7.53     7.53  
  15  18375385278.0  11663764187.0  1.58   41.20    41.20  
System 2729.45 (MHz) duration 30 (sec) CPU avg. 407.97%
 CPU      Cycles      Instructions  CPI   Avg (%)  Max (%) 
  0   68446113880.0  47635896404.0  1.44   83.59    83.59  
  1   30697194782.0  20223479112.0  1.52   50.44    50.44  
  2   16686139455.0   8699169252.0  1.92   27.88    27.88  
  3   30875006279.0  20329267481.0  1.52   83.82    83.82  
  4   13917981734.0   7409884272.0  1.88   16.58    16.58  
  5   30713932057.0  20241954308.0  1.52   40.07    40.07  
  6    9614702836.0   5139192443.0  1.87   12.81    12.81  
  7    194825295.0     39161699.0   4.97    0.45     0.45  
  8    9358961801.0   5068070614.0  1.85   11.29    11.29  
  9   16171922556.0  10433746437.0  1.55   22.04    22.04  
  10   9547021785.0   5145148838.0  1.86   11.65    11.65  
  11   186026799.0     39415184.0   4.72    0.43     0.43  
  12   4678355032.0   2761439116.0  1.69    6.86     6.86  
  13    91923333.0     21801299.0   4.22    0.11     0.11  
  14   396739586.0    149151942.0   2.66    0.48     0.48  
  15  16180336766.0  10421014608.0  1.55   39.48    39.48  
System 2798.12 (MHz) duration 30 (sec) CPU avg. 419.65%
 CPU      Cycles      Instructions  CPI   Avg (%)  Max (%) 
  0   48346181016.0  32082954724.0  1.51   57.59    57.59  
  1   32840369995.0  21397044456.0  1.53   41.79    41.79  
  2   14789813503.0   8640796739.0  1.71   18.70    18.70  
  3   32399051659.0  21335042925.0  1.52   81.80    81.80  
  4   14370798299.0   8735170953.0  1.65   17.94    17.94  
  5   32500190139.0  21320379434.0  1.52   57.17    57.17  
  6   14992377708.0   8794086001.0  1.70   19.76    19.76  
  7     4117253.0       956297.0    4.31    0.01     0.01  
  8   14676263317.0   8703671670.0  1.69   18.12    18.12  
  9   17136620927.0  10934036880.0  1.57   22.75    22.75  
  10  14506208676.0   8735589982.0  1.66   18.56    18.56  
  11    21679135.0     5604277.0    3.87    0.03     0.03  
  12  14366075637.0   8767783900.0  1.64   22.73    22.73  
  13    7105042.0      1578446.0    4.50    0.01     0.01  
  14   7508184707.0   4555972913.0  1.65    9.03     9.03  
  15  18110993239.0  11197895960.0  1.62   33.66    33.66  
System 1727.03 (MHz) duration 30 (sec) CPU avg. 433.76%
 CPU      Cycles      Instructions  CPI   Avg (%)  Max (%) 
  0   60749475201.0  41202444080.0  1.47   117.25   117.25 
  1   30666464889.0  20020053247.0  1.53   37.58    37.58  
  2   11009471984.0   6250400407.0  1.76   13.12    13.12  
  3   30404358270.0  20008246494.0  1.52   52.50    52.50  
  4   10733488897.0   6304929636.0  1.70   13.67    13.67  
  5   30450350620.0  19983818118.0  1.52   49.22    49.22  
  6   10847429399.0   6278337254.0  1.73   15.16    15.16  
  7    127730343.0     32679341.0   3.91    0.17     0.17  
  8   11143141119.0   6342448244.0  1.76   13.76    13.76  
  9   16425846790.0  10373261270.0  1.58   40.72    40.72  
  10  10567430028.0   6267623478.0  1.69   13.12    13.12  
  11    77938851.0     20887022.0   3.73    0.12     0.12  
  12   3023269812.0   1633443642.0  1.85    4.67     4.67  
  13    29680393.0     7542508.0    3.94    0.07     0.07  
  14  12447618880.0   6986099121.0  1.78   18.90    18.90  
  15  17168437839.0  10569785282.0  1.62   43.74    43.74  
System 2724.14 (MHz) duration 30 (sec) CPU avg. 426.65%
 CPU      Cycles      Instructions  CPI   Avg (%)  Max (%) 
  0   43417545749.0  31399098971.0  1.38   53.13    53.13  
  1   31495272909.0  19868513115.0  1.59   40.85    40.85  
  2    8884281378.0   5197083469.0  1.71   10.81    10.81  
  3   31467517023.0  19913755471.0  1.58   59.17    59.17  
  4    8555037247.0   5368857193.0  1.59   10.56    10.56  
  5   31321525034.0  19849525088.0  1.58   69.70    69.70  
  6   13298119915.0   6943504224.0  1.92   17.11    17.11  
  7    295317219.0     53093385.0   5.56    0.37     0.37  
  8   16089637182.0   9153777788.0  1.76   22.96    22.96  
  9   16919533376.0  10237559917.0  1.65   22.10    22.10  
  10  16293761810.0   9325666848.0  1.75   19.41    19.41  
  11   190945108.0     33178382.0   5.76    0.23     0.23  
  12  10045702427.0   5817902281.0  1.73   16.69    16.69  
  13   234844394.0     42363224.0   5.54    0.55     0.55  
  14  37244295682.0  23915231331.0  1.56   44.84    44.84  
  15  16381691052.0  10186716916.0  1.61   38.16    38.16  
System 1822.50 (MHz) duration 30 (sec) CPU avg. 272.72%
 CPU      Cycles      Instructions  CPI   Avg (%)  Max (%) 
  0   27473804748.0  16566562820.0  1.66   50.25    50.25  
  1   16846091706.0   9881016505.0  1.70   31.19    31.19  
  2   12833880461.0   6847951804.0  1.87   21.90    21.90  
  3   16803488599.0   9788074122.0  1.72   28.01    28.01  
  4   10713085411.0   5809499009.0  1.84   14.28    14.28  
  5   16042351613.0   9489459183.0  1.69   22.96    22.96  
  6    7541919366.0   4021971097.0  1.88    9.03     9.03  
  7    140657202.0     21629699.0   6.50    0.27     0.27  
  8    8723611127.0   4805427131.0  1.82   10.47    10.47  
  9    8642090457.0   4858778783.0  1.78   11.99    11.99  
  10  10476092935.0   5733033020.0  1.83   12.48    12.48  
  11    86746403.0     15616198.0   5.55    0.22     0.22  
  12  13411310491.0   7361870304.0  1.82   19.79    19.79  
  13   105457851.0     17616064.0   5.99    0.13     0.13  
  14  15074087313.0   8123535326.0  1.86   18.09    18.09  
  15   8483567986.0   4859260238.0  1.75   21.66    21.66  
System 2755.70 (MHz) duration 30 (sec) CPU avg. 650.66%
 CPU      Cycles      Instructions  CPI   Avg (%)  Max (%) 
  0   59566919497.0  41560921390.0  1.43   72.05    72.05  
  1   44728374426.0  31142995804.0  1.44   83.30    83.30  
  2   25718979550.0  15414330125.0  1.67   61.26    61.26  
  3   44714368940.0  31248071357.0  1.43   97.10    97.10  
  4   22124988385.0  13620005483.0  1.62   32.79    32.79  
  5   45480649670.0  31338571597.0  1.45   99.00    99.00  
  6   16452110393.0  10232788715.0  1.61   19.59    19.59  
  7    249431028.0     51836474.0   4.81    0.45     0.45  
  8   24898277661.0  15444570098.0  1.61   40.61    40.61  
  9   25354451616.0  16357355626.0  1.55   41.86    41.86  
  10  21065498182.0  13281952666.0  1.59   26.13    26.13  
  11   216156848.0     52268257.0   4.14    0.45     0.45  
  12  17830466320.0  11869613105.0  1.50   27.80    27.80  
  13   197136625.0     37818726.0   5.21    0.45     0.45  
  14  13571723188.0   9079296047.0  1.49   16.96    16.96  
  15  24381328772.0  16191268941.0  1.51   30.85    30.85  
System 2765.08 (MHz) duration 30 (sec) CPU avg. 598.14%
 CPU      Cycles      Instructions  CPI   Avg (%)  Max (%) 
  0   58896850712.0  41531112387.0  1.42   71.00    71.00  
  1   45724167243.0  31905922698.0  1.43   72.75    72.75  
  2   22975340204.0  14004462345.0  1.64   27.36    27.36  
  3   45431186485.0  31966032554.0  1.42   88.62    88.62  
  4   11889116369.0   7786248312.0  1.53   14.30    14.30  
  5   45271603072.0  31902811558.0  1.42   91.93    91.93  
  6   22388093011.0  14097066224.0  1.59   26.83    26.83  
  7    171675773.0     35121521.0   4.89    0.32     0.32  
  8   22179935280.0  14012432360.0  1.58   28.20    28.20  
  9   25416481374.0  16693456721.0  1.52   32.45    32.45  
  10  21653307552.0  14056678902.0  1.54   27.09    27.09  
  11   133483376.0     27593790.0   4.84    0.23     0.23  
  12  21730079746.0  14302013675.0  1.52   25.87    25.87  
  13   184013296.0     38881090.0   4.73    0.25     0.25  
  14  21455358047.0  14123835550.0  1.52   28.00    28.00  
  15  25171464764.0  16656885176.0  1.51   62.93    62.93  
System 1864.77 (MHz) duration 30 (sec) CPU avg. 526.63%
 CPU      Cycles      Instructions  CPI   Avg (%)  Max (%) 
  0   67866873788.0  48881883504.0  1.39   121.31   121.31 
  1   38793470721.0  27069111766.0  1.43   62.37    62.37  
  2   16071434151.0   9925079295.0  1.62   21.42    21.42  
  3   39004772539.0  27201557294.0  1.43   57.53    57.53  
  4   15413252332.0  10136037698.0  1.52   20.46    20.46  
  5   38989407666.0  27166409330.0  1.44   59.04    59.04  
  6    4254553565.0   2613208335.0  1.63    6.07     6.07  
  7    203568287.0     38917471.0   5.23    0.26     0.26  
  8   18487074552.0  10682949891.0  1.73   22.03    22.03  
  9   20974026722.0  14025890135.0  1.50   33.71    33.71  
  10  15378986086.0  10024996632.0  1.53   20.72    20.72  
  11   165400615.0     27631677.0   5.99    0.36     0.36  
  12  15488722484.0  10158977799.0  1.52   31.01    31.01  
  13   102370828.0     24826823.0   4.12    0.14     0.14  
  14  11426034069.0   7592472200.0  1.50   29.22    29.22  
  15  23070099476.0  14531116213.0  1.59   41.00    41.00  
System 2066.09 (MHz) duration 30 (sec) CPU avg. 602.18%
 CPU      Cycles      Instructions  CPI   Avg (%)  Max (%) 
  0   56385103534.0  39469575851.0  1.43   90.97    90.97  
  1   44836597227.0  31242765157.0  1.44   54.52    54.52  
  2   13693468889.0   8475377036.0  1.62   24.41    24.41  
  3   44442395277.0  31269658620.0  1.42   71.29    71.29  
  4   21205808196.0  13924925074.0  1.52   25.26    25.26  
  5   44359493508.0  31255370670.0  1.42   74.58    74.58  
  6   21562991764.0  13757651258.0  1.57   27.88    27.88  
  7    304230553.0     57292535.0   5.31    0.71     0.71  
  8   21623531101.0  13766919195.0  1.57   28.49    28.49  
  9   24700460189.0  16290168378.0  1.52   52.32    52.32  
  10  21473801934.0  13861992969.0  1.55   30.39    30.39  
  11   348088403.0     66548049.0   5.23    0.47     0.47  
  12  21275068250.0  13924325112.0  1.53   35.21    35.21  
  13   184634921.0     46751997.0   3.95    0.48     0.48  
  14  20160734954.0  13177673340.0  1.53   38.90    38.90  
  15  24556671396.0  16285045835.0  1.51   46.29    46.29  
System 2769.53 (MHz) duration 30 (sec) CPU avg. 558.28%
 CPU      Cycles      Instructions  CPI   Avg (%)  Max (%) 
  0   46167806397.0  33678678411.0  1.37   55.57    55.57  
  1   39959731155.0  26463489188.0  1.51   111.00   111.00 
  2   14377683418.0   8868349994.0  1.62   20.17    20.17  
  3   39711053101.0  26450629654.0  1.50   47.79    47.79  
  4   11087708870.0   7481581482.0  1.48   29.03    29.03  
  5   39786310518.0  26423816422.0  1.51   59.01    59.01  
  6    2532180495.0   1182474984.0  2.14    3.62     3.62  
  7    217975271.0     38902581.0   5.60    0.27     0.27  
  8   11798197949.0   7613748049.0  1.55   14.05    14.05  
  9   21311436665.0  13610103430.0  1.57   40.33    40.33  
  10  36900469856.0  26228204025.0  1.41   50.74    50.74  
  11   173768517.0     32642876.0   5.32    0.44     0.44  
  12  37599504717.0  26618275048.0  1.41   54.31    54.31  
  13   116974910.0     27290631.0   4.29    0.19     0.19  
  14  14655294259.0   9804218700.0  1.49   25.11    25.11  
  15  22519513234.0  13934015662.0  1.62   46.65    46.65  
System 1586.33 (MHz) duration 30 (sec) CPU avg. 355.64%
 CPU      Cycles      Instructions  CPI   Avg (%)  Max (%) 
  0   45678313866.0  34099686024.0  1.34   95.98    95.98  
  1   26255700872.0  16009902496.0  1.64   57.55    57.55  
  2   10866260125.0   6679065841.0  1.63   13.95    13.95  
  3   26424863364.0  15925574554.0  1.66   38.86    38.86  
  4    6264654701.0   3861598737.0  1.62    8.76     8.76  
  5   25583558616.0  15607992133.0  1.64   30.99    30.99  
  6   10673229716.0   6137472013.0  1.74   14.13    14.13  
  7     68892454.0     11201380.0   6.15    0.09     0.09  
  8   10988659494.0   6740096673.0  1.63   13.08    13.08  
  9   13386913896.0   8007273420.0  1.67   18.09    18.09  
  10  22292275329.0  14577137016.0  1.53   26.83    26.83  
  11    9406916.0      2444932.0    3.85    0.01     0.01  
  12   6904590953.0   4456465444.0  1.55    8.89     8.89  
  13    21319822.0     5524705.0    3.86    0.03     0.03  
  14   6753638397.0   4484592845.0  1.51    9.45     9.45  
  15  13168204731.0   8005743903.0  1.64   18.95    18.95  
