
System 2410.23 (MHz) duration 30 (sec) CPU avg. 90.49%
 CPU     Cycles     Instructions  CPI   Avg (%)  Max (%) 
  0   5425694689.0  1946667563.0  2.79    7.50     7.50  
  1   3829203498.0  1719538250.0  2.23   10.00    10.00  
  2   6765599509.0  2107398845.0  3.21    8.39     8.39  
  3   2396661633.0  872005095.0   2.75    5.59     5.59  
  4   3878446906.0  1271026544.0  3.05    7.09     7.09  
  5   2408632972.0  862407471.0   2.79    4.19     4.19  
  6   5603038192.0  1767825907.0  3.17    7.23     7.23  
  7    1972058.0      467378.0    4.22    0.00     0.00  
  8   6643518657.0  2068076250.0  3.21    9.23     9.23  
  9   3678289945.0  1168981350.0  3.15    8.50     8.50  
  10  5805209650.0  1866347318.0  3.11    6.92     6.92  
  11  2439783850.0  864421361.0   2.82    3.93     3.93  
  12  2296262355.0  835450052.0   2.75    2.95     2.95  
  13  2437835438.0  864133954.0   2.82    3.06     3.06  
  14  2317486882.0  867291049.0   2.67    2.84     2.84  
  15  2445067808.0  860465985.0   2.84    3.06     3.06  
System 2583.59 (MHz) duration 30 (sec) CPU avg. 77.37%
 CPU      Cycles     Instructions  CPI   Avg (%)  Max (%) 
  0    4653906503.0  1616547986.0  2.88    6.00     6.00  
  1    3545321724.0  1613411442.0  2.20    7.63     7.63  
  2    5387600565.0  1705959430.0  3.16    6.49     6.49  
  3    2195504430.0  818749408.0   2.68    2.82     2.82  
  4    4629553212.0  1486599046.0  3.11    5.52     5.52  
  5    2205956490.0  807739679.0   2.73    4.07     4.07  
  6   10665808062.0  3146166115.0  3.39   13.74    13.74  
  7     1136868.0      308359.0    3.69    0.00     0.00  
  8    3168734748.0  1027248001.0  3.08    3.85     3.85  
  9    2219521289.0  808674062.0   2.74    2.71     2.71  
  10   3080923626.0  1001218192.0  3.08    3.94     3.94  
  11   2229460496.0  812488289.0   2.74    3.49     3.49  
  12   3342464303.0  1207213014.0  2.77    4.49     4.49  
  13   2220649108.0  811402452.0   2.74    2.84     2.84  
  14   3489846187.0  1234525556.0  2.83    4.73     4.73  
  15   2234324556.0  807067940.0   2.77    5.04     5.04  
System 2021.64 (MHz) duration 30 (sec) CPU avg. 94.23%
 CPU     Cycles     Instructions  CPI   Avg (%)  Max (%) 
  0   3434231210.0  1184073570.0  2.90    5.66     5.66  
  1   3540456047.0  1603587831.0  2.21    8.65     8.65  
  2   3196920945.0  1069612689.0  2.99    3.85     3.85  
  3   2714391559.0  942871366.0   2.88    5.54     5.54  
  4   3373499315.0  1156835762.0  2.92    4.02     4.02  
  5   2185337777.0  803054258.0   2.72    2.67     2.67  
  6   4898089862.0  1563539533.0  3.13    5.88     5.88  
  7    1658720.0      498066.0    3.33    0.00     0.00  
  8   6061838507.0  1850336587.0  3.28   12.96    12.96  
  9   2208691536.0  803822774.0   2.75    3.02     3.02  
  10  5639175236.0  1827536735.0  3.09   14.92    14.92  
  11  3026449305.0  1003880481.0  3.01    6.55     6.55  
  12  4363443684.0  1395416933.0  3.13    5.67     5.67  
  13  2217799918.0  806432006.0   2.75    5.02     5.02  
  14  5628058305.0  1752870865.0  3.21    6.74     6.74  
  15  2222951089.0  801832560.0   2.77    3.08     3.08  
System 2320.00 (MHz) duration 30 (sec) CPU avg. 88.60%
 CPU     Cycles     Instructions  CPI   Avg (%)  Max (%) 
  0   2776170423.0  938845093.0   2.96    3.99     3.99  
  1   3605252740.0  1610580335.0  2.24    8.22     8.22  
  2   4584670616.0  1575068707.0  2.91    5.89     5.89  
  3   2242698756.0  818679204.0   2.74    5.36     5.36  
  4   4654209081.0  1481455327.0  3.14    5.60     5.60  
  5   2246866570.0  807549257.0   2.78    6.15     6.15  
  6   5088646052.0  1634419785.0  3.11    7.39     7.39  
  7    1872451.0      528089.0    3.55    0.00     0.00  
  8   5648131395.0  1832952606.0  3.08    8.54     8.54  
  9   2271611565.0  807676276.0   2.81    2.81     2.81  
  10  4447510103.0  1468392627.0  3.03    8.83     8.83  
  11  2278251466.0  809334587.0   2.81    5.03     5.03  
  12  3718246785.0  1186506825.0  3.13    4.69     4.69  
  13  2271708008.0  810839897.0   2.80    4.23     4.23  
  14  4314747039.0  1409404963.0  3.06    5.14     5.14  
  15  2917753162.0  958648839.0   3.04    6.74     6.74  
System 2797.11 (MHz) duration 30 (sec) CPU avg. 91.92%
 CPU     Cycles     Instructions  CPI   Avg (%)  Max (%) 
  0   4756282075.0  1663746276.0  2.86    5.67     5.67  
  1   5028916884.0  1937196756.0  2.60    6.45     6.45  
  2   5580382650.0  1795188757.0  3.11    8.32     8.32  
  3   2087659075.0  782749333.0   2.67    5.38     5.38  
  4   6850507089.0  2211324318.0  3.10   15.09    15.09  
  5   2079171561.0  762374464.0   2.73    5.62     5.62  
  6   4123409462.0  1479407824.0  2.79    5.27     5.27  
  7    2374737.0     1273558.0    1.86    0.00     0.00  
  8   3626553669.0  1272300350.0  2.85    5.47     5.47  
  9   2088112411.0  756947408.0   2.76    2.53     2.53  
  10  6939716026.0  2257527119.0  3.07    9.38     9.38  
  11  2087572706.0  758940066.0   2.75    3.97     3.97  
  12  5018691636.0  1728431320.0  2.90    6.19     6.19  
  13  2101155289.0  768097173.0   2.74    3.19     3.19  
  14  4211867947.0  1566115532.0  2.69    5.06     5.06  
  15  2104191349.0  758074561.0   2.78    4.34     4.34  
System 2706.41 (MHz) duration 30 (sec) CPU avg. 53.50%
 CPU     Cycles     Instructions  CPI   Avg (%)  Max (%) 
  0   2152472217.0  718891737.0   2.99    2.65     2.65  
  1   1998466596.0  762753332.0   2.62    4.23     4.23  
  2   3378830212.0  1088696127.0  3.10    6.18     6.18  
  3   1742895013.0  390336040.0   4.47    2.84     2.84  
  4   3647348519.0  1072156985.0  3.40    5.33     5.33  
  5   1752140593.0  353344692.0   4.96    4.28     4.28  
  6   1296024162.0  491015508.0   2.64    2.46     2.46  
  7    1401712.0      363410.0    3.86    0.00     0.00  
  8   1552112770.0  559667231.0   2.77    3.05     3.05  
  9   1737628958.0  337070695.0   5.16    4.57     4.57  
  10  2392278709.0  727132698.0   3.29    3.15     3.15  
  11  1721002587.0  339196893.0   5.07    4.04     4.04  
  12  1866115982.0  693163471.0   2.69    2.22     2.22  
  13  1737507724.0  354824370.0   4.90    2.40     2.40  
  14  2930809553.0  959573206.0   3.05    3.52     3.52  
  15  1729621939.0  340940862.0   5.07    2.57     2.57  
System 2300.70 (MHz) duration 30 (sec) CPU avg. 237.23%
 CPU      Cycles      Instructions  CPI   Avg (%)  Max (%) 
  0   23244411515.0  10356867847.0  2.24   33.68    33.68  
  1   14370624022.0   7598992378.0  1.89   34.52    34.52  
  2   11895980496.0   5007427880.0  2.38   14.16    14.16  
  3    6612909589.0   3711968357.0  1.78   13.08    13.08  
  4   10013057692.0   4413295935.0  2.27   14.16    14.16  
  5    6628924143.0   3687977861.0  1.80   17.53    17.53  
  6   14680336549.0   5702562384.0  2.57   19.35    19.35  
  7     1466625.0       417178.0    3.52    0.00     0.00  
  8   13039826946.0   5271591835.0  2.47   19.32    19.32  
  9    6956797731.0   3750816342.0  1.85   11.04    11.04  
  10  12575838666.0   5173890325.0  2.43   16.29    16.29  
  11   6966931546.0   3745592612.0  1.86   12.56    12.56  
  12   3503812420.0   1549456795.0  2.26    4.17     4.17  
  13   6781803133.0   3726372684.0  1.82    8.42     8.42  
  14   3566561533.0   1561249015.0  2.28    4.32     4.32  
  15   6689820925.0   3687898767.0  1.81   14.63    14.63  
System 2164.76 (MHz) duration 30 (sec) CPU avg. 235.70%
 CPU      Cycles     Instructions  CPI   Avg (%)  Max (%) 
  0   21888467502.0  9550622894.0  2.29   33.70    33.70  
  1   12681528505.0  7212089422.0  1.76   29.27    29.27  
  2   10843717344.0  4587026384.0  2.36   14.27    14.27  
  3    6658682168.0  3754855226.0  1.77   15.53    15.53  
  4    9937047960.0  4119574381.0  2.41   12.58    12.58  
  5    8777652008.0  4239432330.0  2.07   20.45    20.45  
  6    9366784367.0  3967200538.0  2.36   13.78    13.78  
  7     1548049.0      414880.0    3.73    0.00     0.00  
  8    9199945639.0  3988739723.0  2.31   11.05    11.05  
  9    6742296826.0  3725824619.0  1.81    9.88     9.88  
  10   8470856096.0  3753799260.0  2.26   11.61    11.61  
  11   6987047729.0  3789740335.0  1.84   15.54    15.54  
  12   9925727386.0  4114221000.0  2.41   11.82    11.82  
  13   6684938960.0  3742997901.0  1.79   14.67    14.67  
  14   9249468979.0  3991780070.0  2.32   12.85    12.85  
  15   6762618712.0  3729232929.0  1.81    8.70     8.70  
System 2761.72 (MHz) duration 30 (sec) CPU avg. 200.18%
 CPU      Cycles      Instructions  CPI   Avg (%)  Max (%) 
  0   24367313906.0  10985196239.0  2.22   29.41    29.41  
  1   12388345193.0   6997603209.0  1.77   22.72    22.72  
  2    7656070775.0   3254957316.0  2.35   12.68    12.68  
  3    6546140258.0   3642280188.0  1.80   14.52    14.52  
  4    8844130527.0   3497757343.0  2.53   11.36    11.36  
  5    6610276236.0   3616436640.0  1.83   12.47    12.47  
  6   11396559804.0   4769938498.0  2.39   14.25    14.25  
  7     1709178.0       436635.0    3.91    0.00     0.00  
  8    3402860768.0   1428025811.0  2.38    4.06     4.06  
  9    6599273633.0   3625832157.0  1.82    9.06     9.06  
  10  11682949733.0   4843747286.0  2.41   15.38    15.38  
  11   6611024619.0   3623410786.0  1.82    9.88     9.88  
  12  10112878165.0   3904757350.0  2.59   12.05    12.05  
  13   6577663609.0   3628300779.0  1.81    8.22     8.22  
  14  11873150411.0   4960639406.0  2.39   14.52    14.52  
  15   7910900845.0   3934585819.0  2.01    9.59     9.59  
System 1733.36 (MHz) duration 30 (sec) CPU avg. 219.36%
 CPU      Cycles     Instructions  CPI   Avg (%)  Max (%) 
  0    9556516255.0  4038226693.0  2.37   18.38    18.38  
  1   12288715662.0  6849806306.0  1.79   26.35    26.35  
  2    9415448241.0  4305667414.0  2.19   12.85    12.85  
  3    6434735276.0  3559879938.0  1.81   12.27    12.27  
  4   10530623760.0  4605271545.0  2.29   12.59    12.59  
  5    7688581579.0  3836550547.0  2.00    9.57     9.57  
  6    9543339600.0  4092863811.0  2.33   12.09    12.09  
  7     1627856.0      439613.0    3.70    0.00     0.00  
  8    9616285487.0  4245241041.0  2.27   11.88    11.88  
  9    7326812356.0  3730056483.0  1.96   10.98    10.98  
  10   9972211098.0  4446404585.0  2.24   12.79    12.79  
  11   6489990441.0  3543788368.0  1.83    8.97     8.97  
  12  12767044548.0  5701429673.0  2.24   15.50    15.50  
  13   6462792356.0  3548424436.0  1.82   13.94    13.94  
  14  10741179637.0  4564900463.0  2.35   13.06    13.06  
  15  11501709838.0  4746812055.0  2.42   28.13    28.13  
System 2592.03 (MHz) duration 30 (sec) CPU avg. 212.65%
 CPU      Cycles     Instructions  CPI   Avg (%)  Max (%) 
  0   18279881622.0  8930560583.0  2.05   23.51    23.51  
  1   11721807676.0  6376295602.0  1.84   15.19    15.19  
  2   11337187648.0  5107793556.0  2.22   13.74    13.74  
  3    6190325907.0  3302717241.0  1.87   16.03    16.03  
  4    9802008390.0  4559622654.0  2.15   11.92    11.92  
  5    8342924431.0  3788638117.0  2.20   22.61    22.61  
  6    9928117479.0  4639260646.0  2.14   13.13    13.13  
  7     1658526.0      447720.0    3.70    0.00     0.00  
  8   12222278829.0  5254202549.0  2.33   17.02    17.02  
  9    6156097514.0  3241595571.0  1.90    9.84     9.84  
  10   8437540693.0  3666863730.0  2.30   10.05    10.05  
  11   6131530501.0  3246009938.0  1.89   13.08    13.08  
  12   5279848954.0  2348766063.0  2.25    7.04     7.04  
  13   6211893006.0  3280131579.0  1.89   10.71    10.71  
  14   9638850747.0  4571502460.0  2.11   14.68    14.68  
  15   6169586867.0  3238852523.0  1.90   14.11    14.11  
System 2230.00 (MHz) duration 30 (sec) CPU avg. 127.70%
 CPU     Cycles     Instructions  CPI   Avg (%)  Max (%) 
  0   6631143066.0  2813869439.0  2.36    9.91     9.91  
  1   6707402218.0  3272428789.0  2.05    8.61     8.61  
  2   9046397814.0  3801034004.0  2.38   14.46    14.46  
  3   4312806002.0  1818726488.0  2.37    5.25     5.25  
  4   5001759012.0  2236342254.0  2.24    7.65     7.65  
  5   3620938391.0  1557999316.0  2.32    4.93     4.93  
  6   6388939610.0  2798513431.0  2.28    8.30     8.30  
  7    2028604.0      579817.0    3.50    0.00     0.00  
  8   6924634759.0  2958721870.0  2.34    8.26     8.26  
  9   3534716733.0  1515816566.0  2.33    9.02     9.02  
  10  8494034812.0  3555745082.0  2.39   11.48    11.48  
  11  3549612940.0  1516713101.0  2.34    9.47     9.47  
  12  6194579590.0  2581310675.0  2.40    7.72     7.72  
  13  3646698816.0  1592230681.0  2.29    5.72     5.72  
  14  6231368635.0  2606546263.0  2.39    8.49     8.49  
  15  4164119303.0  1664666747.0  2.50    8.42     8.42  
System 2798.28 (MHz) duration 30 (sec) CPU avg. 398.78%
 CPU      Cycles      Instructions  CPI   Avg (%)  Max (%) 
  0   29949244708.0  15096073418.0  1.98   35.68    35.68  
  1   23758339980.0  13897652792.0  1.71   31.47    31.47  
  2   14418588031.0   7042884109.0  2.05   20.55    20.55  
  3   12573096691.0   7313734690.0  1.72   15.82    15.82  
  4   12284788781.0   5728468042.0  2.14   24.20    24.20  
  5   16598375846.0   8229137094.0  2.02   41.75    41.75  
  6   18606480687.0   8772087275.0  2.12   34.08    34.08  
  7     1105780.0       348834.0    3.17    0.00     0.00  
  8   13196082187.0   6182198121.0  2.13   17.64    17.64  
  9   12796072332.0   7291481921.0  1.75   16.96    16.96  
  10  15157280629.0   7187004857.0  2.11   20.40    20.40  
  11  12907915398.0   7314484326.0  1.76   16.22    16.22  
  12  18441853317.0   8715886739.0  2.12   35.69    35.69  
  13  12691380798.0   7297010444.0  1.74   16.56    16.56  
  14  17111570191.0   8399022497.0  2.04   20.66    20.66  
  15  18682450845.0   8728244409.0  2.14   51.09    51.09  
System 2797.89 (MHz) duration 30 (sec) CPU avg. 382.93%
 CPU      Cycles      Instructions  CPI   Avg (%)  Max (%) 
  0   32843931966.0  18675291869.0  1.76   39.13    39.13  
  1   23546872049.0  13713612913.0  1.72   43.88    43.88  
  2   13088417687.0   6277266999.0  2.09   21.03    21.03  
  3   12313531044.0   7145782229.0  1.72   33.18    33.18  
  4   13451731882.0   6354312514.0  2.12   16.26    16.26  
  5   16300986505.0   8087483850.0  2.02   37.68    37.68  
  6   13671460989.0   6405254515.0  2.13   17.81    17.81  
  7     1333404.0       347792.0    3.83    0.00     0.00  
  8   12245140137.0   5907764342.0  2.07   16.32    16.32  
  9   12411278660.0   7132227231.0  1.74   20.46    20.46  
  10   7481589805.0   3428825981.0  2.18   11.90    11.90  
  11  12547037967.0   7149921241.0  1.75   16.82    16.82  
  12  13713675671.0   6395601857.0  2.14   29.05    29.05  
  13  14123176481.0   7558447055.0  1.87   23.32    23.32  
  14  17904107348.0   8214712342.0  2.18   21.97    21.97  
  15  12363308761.0   7114638123.0  1.74   34.10    34.10  
System 2796.41 (MHz) duration 30 (sec) CPU avg. 334.15%
 CPU      Cycles      Instructions  CPI   Avg (%)  Max (%) 
  0   41932229160.0  23196278595.0  1.81   49.98    49.98  
  1   24329371074.0  13668943896.0  1.78   29.67    29.67  
  2   20403208307.0   8982660314.0  2.27   37.96    37.96  
  3   13184045613.0   7262309253.0  1.82   16.95    16.95  
  4   20472189378.0   9038939442.0  2.26   26.13    26.13  
  5   12906451041.0   7130908639.0  1.81   20.68    20.68  
  6   13086078827.0   5799553748.0  2.26   15.81    15.81  
  7     42412040.0     13658978.0   3.11    0.09     0.09  
  8    4163138522.0   1985979897.0  2.10    6.43     6.43  
  9   12436789396.0   7015494901.0  1.77   19.46    19.46  
  10   4864506615.0   2391903235.0  2.03    7.47     7.47  
  11  12295681980.0   6987744117.0  1.76   25.47    25.47  
  12   4695702280.0   2350233993.0  2.00    5.99     5.99  
  13  12233059865.0   6993883494.0  1.75   31.38    31.38  
  14  15996685805.0   7605298899.0  2.10   19.73    19.73  
  15  12849246923.0   7118729966.0  1.80   20.93    20.93  
System 2199.45 (MHz) duration 30 (sec) CPU avg. 383.22%
 CPU      Cycles      Instructions  CPI   Avg (%)  Max (%) 
  0   33477528178.0  17811664700.0  1.88   50.74    50.74  
  1   23180568642.0  13229409598.0  1.75   50.15    50.15  
  2   11201344858.0   5291359592.0  2.12   14.90    14.90  
  3   12050453335.0   6870436285.0  1.75   14.43    14.43  
  4   19311662589.0   8648997597.0  2.23   27.26    27.26  
  5   12073317869.0   6850851738.0  1.76   25.90    25.90  
  6    7725417370.0   3688180881.0  2.09    9.95     9.95  
  7     1485655.0       426421.0    3.48    0.00     0.00  
  8   17491784501.0   8287539197.0  2.11   27.08    27.08  
  9   15922937981.0   7785234083.0  2.05   37.47    37.47  
  10  10991745836.0   5243035431.0  2.10   20.45    20.45  
  11  12165454083.0   6867283453.0  1.77   29.81    29.81  
  12  10556970981.0   5129045494.0  2.06   24.68    24.68  
  13  12083983297.0   6872086334.0  1.76   15.29    15.29  
  14  15918149613.0   7392161548.0  2.15   20.07    20.07  
  15  12635512812.0   6965425861.0  1.81   15.05    15.05  
System 2797.73 (MHz) duration 30 (sec) CPU avg. 364.42%
 CPU      Cycles      Instructions  CPI   Avg (%)  Max (%) 
  0   26931819477.0  14841198578.0  1.81   32.09    32.09  
  1   21779688576.0  12033180908.0  1.81   27.38    27.38  
  2   18279090871.0   8999296232.0  2.03   21.82    21.82  
  3   11241470622.0   6271614692.0  1.79   20.62    20.62  
  4   15327706094.0   8019240018.0  1.91   18.77    18.77  
  5   11249647017.0   6220114737.0  1.81   18.98    18.98  
  6   15525246128.0   7922127023.0  1.96   22.54    22.54  
  7     1271411.0       360617.0    3.53    0.00     0.00  
  8   12541504242.0   6301349178.0  1.99   17.99    17.99  
  9   14710262693.0   7023363524.0  2.09   37.13    37.13  
  10  12287433969.0   6111162672.0  2.01   23.91    23.91  
  11  11363201882.0   6222179292.0  1.83   17.29    17.29  
  12  19011481225.0   9413540167.0  2.02   33.97    33.97  
  13  11374113969.0   6262450793.0  1.82   24.80    24.80  
  14   9893138947.0   5167215117.0  1.91   12.54    12.54  
  15  12872644316.0   6600184339.0  1.95   34.60    34.60  
System 1945.94 (MHz) duration 30 (sec) CPU avg. 211.85%
 CPU      Cycles     Instructions  CPI   Avg (%)  Max (%) 
  0   18350453962.0  9551208853.0  1.92   31.43    31.43  
  1   11813888282.0  6118852252.0  1.93   14.06    14.06  
  2   12617594739.0  5618782630.0  2.25   16.58    16.58  
  3    7158569705.0  3401984910.0  2.10   15.28    15.28  
  4    9217867750.0  4026737787.0  2.29   15.46    15.46  
  5    5934668645.0  2978737864.0  1.99   15.28    15.28  
  6    8984169373.0  4478885131.0  2.01   13.26    13.26  
  7     2132525.0      480770.0    4.44    0.00     0.00  
  8    5030018527.0  2435260471.0  2.07    6.07     6.07  
  9    5849012587.0  2924264615.0  2.00   12.01    12.01  
  10  11379059903.0  5322619696.0  2.14   17.14    17.14  
  11   6085759758.0  2984316203.0  2.04    7.59     7.59  
  12   9771628738.0  4484107980.0  2.18   14.41    14.41  
  13   6102228651.0  3050469870.0  2.00   13.74    13.74  
  14   8099593142.0  4102493272.0  1.97    9.88     9.88  
  15   7701822649.0  3375825641.0  2.28    9.65     9.65  
System 2636.48 (MHz) duration 30 (sec) CPU avg. 612.05%
 CPU      Cycles      Instructions  CPI   Avg (%)  Max (%) 
  0   58976841902.0  36344545478.0  1.62   74.57    74.57  
  1   37079045678.0  22390837410.0  1.66   103.02   103.02 
  2    1177017078.0   517383846.0   2.27    1.40     1.40  
  3   22723946053.0  12501122797.0  1.82   57.34    57.34  
  4   10587212165.0   5238950303.0  2.02   13.35    13.35  
  5   23304354230.0  12615360971.0  1.85   58.85    58.85  
  6   42896706897.0  23379126028.0  1.83   72.52    72.52  
  7    282845610.0     43407769.0   6.52    0.72     0.72  
  8   43065231881.0  23449633353.0  1.84   55.47    55.47  
  9   20719715349.0  11934299068.0  1.74   46.19    46.19  
  10   1241537097.0   587724283.0   2.11    2.14     2.14  
  11  20285736492.0  11845541204.0  1.71   38.70    38.70  
  12   1223177301.0   580595303.0   2.11    1.61     1.61  
  13  20109246643.0  11859713340.0  1.70   38.16    38.16  
  14   937660215.0    439965798.0   2.13    1.12     1.12  
  15  20555044087.0  11906642159.0  1.73   46.90    46.90  
System 1773.83 (MHz) duration 30 (sec) CPU avg. 612.36%
 CPU      Cycles      Instructions  CPI   Avg (%)  Max (%) 
  0   50497236572.0  29770311645.0  1.70   94.89    94.89  
  1   37255971551.0  22392530738.0  1.66   87.23    87.23  
  2   16816994017.0   8184301710.0  2.05   20.04    20.04  
  3   21296738305.0  12142630206.0  1.75   25.83    25.83  
  4    8158654196.0   4046369822.0  2.02   10.34    10.34  
  5   23397303637.0  12607472028.0  1.86   50.10    50.10  
  6   43107043521.0  23559684371.0  1.83   65.11    65.11  
  7    480616193.0     77022075.0   6.24    0.73     0.73  
  8   43388117490.0  23748534907.0  1.83   73.55    73.55  
  9   21556921173.0  12115372744.0  1.78   29.56    29.56  
  10  10938419813.0   5129116347.0  2.13   27.91    27.91  
  11  21377720845.0  12100969370.0  1.77   32.67    32.67  
  12   515616628.0    192807298.0   2.67    0.88     0.88  
  13  22823976056.0  12519227852.0  1.82   55.54    55.54  
  14   209199318.0     64025890.0   3.27    0.28     0.28  
  15  20844556477.0  11968987293.0  1.74   37.70    37.70  
System 1857.97 (MHz) duration 30 (sec) CPU avg. 504.43%
 CPU      Cycles      Instructions  CPI   Avg (%)  Max (%) 
  0   60309785088.0  36729221937.0  1.64   108.20   108.20 
  1   34246868385.0  20329554136.0  1.68   56.01    56.01  
  2   16715786551.0   7626677064.0  2.19   19.98    19.98  
  3   18918247385.0  10894611984.0  1.74   24.46    24.46  
  4   18446750379.0   8737607349.0  2.11   28.32    28.32  
  5   19202713895.0  10897322369.0  1.76   48.70    48.70  
  6   19787011589.0   9095925756.0  2.18   32.70    32.70  
  7    246741484.0     50835272.0   4.85    0.30     0.30  
  8    9880722915.0   4974957406.0  1.99   14.79    14.79  
  9   18670633681.0  10747689925.0  1.74   26.52    26.52  
  10  17301712078.0   7960589170.0  2.17   25.82    25.82  
  11  19423089229.0  10946367947.0  1.77   32.84    32.84  
  12  11507561907.0   5393587005.0  2.13   27.56    27.56  
  13  19147355549.0  10910577531.0  1.75   24.84    24.84  
  14   5361677274.0   2489172737.0  2.15    6.63     6.63  
  15  18554402635.0  10732207950.0  1.73   26.76    26.76  
System 2374.69 (MHz) duration 30 (sec) CPU avg. 469.99%
 CPU      Cycles      Instructions  CPI   Avg (%)  Max (%) 
  0   45624299243.0  28174561869.0  1.62   64.04    64.04  
  1   34510797955.0  20362253373.0  1.69   54.90    54.90  
  2    7789591226.0   3922864512.0  1.99   10.19    10.19  
  3   19383513830.0  11029342222.0  1.76   31.09    31.09  
  4    7770808733.0   3957325009.0  1.96    9.92     9.92  
  5   19338145495.0  10961445369.0  1.76   29.34    29.34  
  6   16479978812.0   8053306474.0  2.05   27.05    27.05  
  7    109469341.0     28222354.0   3.88    0.28     0.28  
  8   16805039704.0   8171081036.0  2.06   23.52    23.52  
  9   19088126326.0  10838432602.0  1.76   48.04    48.04  
  10   8071535583.0   4168314859.0  1.94    9.62     9.62  
  11  19502977093.0  10971320759.0  1.78   41.34    41.34  
  12  39885918568.0  21283951199.0  1.87   56.81    56.81  
  13  19217831320.0  10931047186.0  1.76   24.11    24.11  
  14   7565510224.0   3750126721.0  2.02   10.77    10.77  
  15  20891976998.0  11271441829.0  1.85   28.98    28.98  
System 2584.45 (MHz) duration 30 (sec) CPU avg. 474.52%
 CPU      Cycles      Instructions  CPI   Avg (%)  Max (%) 
  0   58182795698.0  39339148452.0  1.48   75.04    75.04  
  1   30891201452.0  17762666048.0  1.74   39.82    39.82  
  2    9511604929.0   3139623117.0  3.03   11.39    11.39  
  3   17242832938.0   9599944528.0  1.80   27.96    27.96  
  4   22113756347.0  10564174263.0  2.09   27.80    27.80  
  5   18638101337.0   9886802511.0  1.89   36.54    36.54  
  6   13329069561.0   6613324160.0  2.02   19.60    19.60  
  7    205036814.0     37451717.0   5.47    0.29     0.29  
  8   17985455564.0   7453884072.0  2.41   29.47    29.47  
  9   18052774086.0   9678922880.0  1.87   34.27    34.27  
  10  10014988669.0   4248848492.0  2.36   15.47    15.47  
  11  17538278040.0   9585396142.0  1.83   26.76    26.76  
  12  20063898454.0   9945034625.0  2.02   36.61    36.61  
  13  17186211543.0   9510456604.0  1.81   37.05    37.05  
  14  17106991487.0   8220047683.0  2.08   21.67    21.67  
  15  16659561219.0   9358260220.0  1.78   34.77    34.77  
System 1599.06 (MHz) duration 30 (sec) CPU avg. 305.87%
 CPU      Cycles      Instructions  CPI   Avg (%)  Max (%) 
  0   31221781829.0  20425702022.0  1.53   65.08    65.08  
  1   19305406604.0  10467662681.0  1.84   25.87    25.87  
  2   12446008047.0   6582310967.0  1.89   14.83    14.83  
  3   12144932934.0   6034296940.0  2.01   19.33    19.33  
  4   12981808440.0   7303847076.0  1.78   16.54    16.54  
  5    9722804346.0   5272664504.0  1.84   14.82    14.82  
  6   12297802304.0   6844127259.0  1.80   15.64    15.64  
  7     9184404.0      2104156.0    4.36    0.01     0.01  
  8    9161874288.0   4683939194.0  1.96   16.62    16.62  
  9    9517745878.0   5190324712.0  1.83   15.86    15.86  
  10   8134200778.0   4385896032.0  1.85    9.79     9.79  
  11   9539929200.0   5185948657.0  1.84   20.70    20.70  
  12   8103815586.0   4514419036.0  1.80   14.43    14.43  
  13  11705260513.0   5797410303.0  2.02   17.03    17.03  
  14  12415975280.0   6702970680.0  1.85   17.84    17.84  
  15  12334917470.0   5875469504.0  2.10   21.47    21.47  
