
System 2682.50 (MHz) duration 30 (sec) CPU avg. 38.04%
 CPU     Cycles     Instructions  CPI   Avg (%)  Max (%) 
  0   1596977865.0  683225632.0   2.34    1.98     1.98  
  1   2096980433.0  974124868.0   2.15    2.76     2.76  
  2   1172428793.0  457202625.0   2.56    1.41     1.41  
  3   1617054839.0  718457982.0   2.25    3.49     3.49  
  4   1078439260.0  388238687.0   2.78    1.45     1.45  
  5   1420149518.0  604498281.0   2.35    1.88     1.88  
  6   2320323104.0  918185743.0   2.53    4.14     4.14  
  7   1359430778.0  576499644.0   2.36    3.54     3.54  
  8   1153440831.0  418942833.0   2.75    2.67     2.67  
  9    8008918.0      941940.0    8.50    0.02     0.02  
  10  1633687254.0  633933923.0   2.58    2.03     2.03  
  11  1378085304.0  577470587.0   2.39    3.08     3.08  
  12  2386718623.0  955095831.0   2.50    2.84     2.84  
  13   20851869.0    5488412.0    3.80    0.03     0.03  
  14  1019651038.0  362572003.0   2.81    1.58     1.58  
  15  2460974411.0  1153435956.0  2.13    5.14     5.14  
System 2710.94 (MHz) duration 30 (sec) CPU avg. 42.94%
 CPU     Cycles     Instructions  CPI   Avg (%)  Max (%) 
  0    12948772.0    2223282.0    5.82    0.02     0.02  
  1   1338468157.0  573010828.0   2.34    3.11     3.11  
  2   976900495.0   380693255.0   2.57    1.21     1.21  
  3   2316574409.0  1102055143.0  2.10    5.45     5.45  
  4   1537336686.0  562408513.0   2.73    2.11     2.11  
  5   1300193170.0  552570160.0   2.35    3.55     3.55  
  6   2566413182.0  1067162812.0  2.40    3.10     3.10  
  7   1294575162.0  551929840.0   2.35    3.60     3.60  
  8    30342317.0    6819147.0    4.45    0.04     0.04  
  9    7883073.0      819677.0    9.62    0.01     0.01  
  10   71761866.0    23219736.0   3.09    0.09     0.09  
  11  1270048646.0  534171034.0   2.38    2.87     2.87  
  12  2615540630.0  1121801842.0  2.33    3.12     3.12  
  13   22302808.0    5786741.0    3.85    0.03     0.03  
  14  3132511802.0  1347439491.0  2.32    3.98     3.98  
  15  6104782475.0  2007049596.0  3.04   10.65    10.65  
System 2697.26 (MHz) duration 30 (sec) CPU avg. 53.89%
 CPU     Cycles     Instructions   CPI   Avg (%)  Max (%) 
  0   824919176.0   293430039.0    2.81    1.02     1.02  
  1   2127128774.0  1000440731.0   2.13    5.72     5.72  
  2   851410049.0   325997598.0    2.61    1.07     1.07  
  3   2137145610.0  1001690751.0   2.13    5.01     5.01  
  4   1637794019.0  628998899.0    2.60    2.49     2.49  
  5   3837884644.0  1214969017.0   3.16    9.19     9.19  
  6   1002522805.0  383789415.0    2.61    1.21     1.21  
  7   1288027666.0  550436756.0    2.34    3.29     3.29  
  8   824146987.0   292473862.0    2.82    0.98     0.98  
  9    8723690.0      864229.0    10.09    0.01     0.01  
  10  1013070924.0  356966195.0    2.84    1.21     1.21  
  11   3957345.0      842837.0     4.70    0.01     0.01  
  12  2380799240.0  1003621633.0   2.37    5.14     5.14  
  13   22185494.0    5673930.0     3.91    0.03     0.03  
  14  2497028727.0  1112586411.0   2.24    3.64     3.64  
  15  6282033238.0  2090135030.0   3.01   13.87    13.87  
System 2616.72 (MHz) duration 30 (sec) CPU avg. 36.50%
 CPU     Cycles     Instructions  CPI   Avg (%)  Max (%) 
  0    17475722.0    3918086.0    4.46    0.02     0.02  
  1   1611155749.0  716187512.0   2.25    2.51     2.51  
  2   1439146532.0  535012329.0   2.69    1.75     1.75  
  3   1284721969.0  542812572.0   2.37    2.82     2.82  
  4    43244887.0    21595060.0   2.00    0.07     0.07  
  5   5037887547.0  1816365238.0  2.77    6.23     6.23  
  6   2804136169.0  1212846802.0  2.31    4.91     4.91  
  7   897208430.0   371253511.0   2.42    1.20     1.20  
  8   952897421.0   351201149.0   2.71    1.14     1.14  
  9    8147052.0      946269.0    8.61    0.01     0.01  
  10  1781401993.0  698017203.0   2.55    3.03     3.03  
  11   9178877.0     1671053.0    5.49    0.02     0.02  
  12  1432693247.0  536857619.0   2.67    2.19     2.19  
  13  430149399.0   177290579.0   2.43    0.57     0.57  
  14  2047877005.0  912478761.0   2.24    3.58     3.58  
  15  3774079430.0  1529804297.0  2.47    6.45     6.45  
System 2578.20 (MHz) duration 30 (sec) CPU avg. 33.88%
 CPU     Cycles     Instructions  CPI   Avg (%)  Max (%) 
  0   1816316047.0  793467794.0   2.29    2.35     2.35  
  1   1652126853.0  729449505.0   2.26    2.30     2.30  
  2   3274234993.0  1514481673.0  2.16    4.64     4.64  
  3   2995413329.0  1481948180.0  2.02    7.17     7.17  
  4   1407873271.0  622547492.0   2.26    1.68     1.68  
  5   2079624079.0  958704726.0   2.17    3.73     3.73  
  6   203515202.0    88988341.0   2.29    0.25     0.25  
  7    3455282.0      874439.0    3.95    0.00     0.00  
  8   2365211461.0  1139211617.0  2.08    3.03     3.03  
  9    9234039.0      999166.0    9.24    0.01     0.01  
  10  711184729.0   119129779.0   5.97    0.90     0.90  
  11   8988301.0     1734882.0    5.18    0.02     0.02  
  12  1503392876.0  687567671.0   2.19    2.17     2.17  
  13  1306570968.0  527885707.0   2.48    1.73     1.73  
  14  1447560899.0  639104794.0   2.26    2.31     2.31  
  15  1324853372.0  535623306.0   2.47    1.58     1.58  
System 2701.17 (MHz) duration 30 (sec) CPU avg. 30.74%
 CPU     Cycles     Instructions  CPI   Avg (%)  Max (%) 
  0   1838673539.0  562676830.0   3.27    2.27     2.27  
  1   1344584923.0  388751612.0   3.46    3.74     3.74  
  2   2130263073.0  1112817418.0  1.91    2.64     2.64  
  3   2266325705.0  1030011458.0  2.20    6.05     6.05  
  4   1218507086.0  284916893.0   4.28    1.45     1.45  
  5   1338123932.0  287350651.0   4.66    3.55     3.55  
  6   1299389287.0  329484456.0   3.94    1.56     1.56  
  7    2431763.0      564366.0    4.31    0.01     0.01  
  8    16360799.0    2511468.0    6.51    0.02     0.02  
  9    8075566.0      842730.0    9.58    0.01     0.01  
  10  1149111601.0  453978106.0   2.53    1.39     1.39  
  11   8862345.0     1728821.0    5.13    0.02     0.02  
  12  1386634103.0  550237657.0   2.52    2.12     2.12  
  13  1274135521.0  257169723.0   4.95    3.54     3.54  
  14  581891913.0   182246196.0   3.19    0.76     0.76  
  15  1339021481.0  264912447.0   5.05    1.61     1.61  
System 2548.05 (MHz) duration 30 (sec) CPU avg. 128.34%
 CPU      Cycles     Instructions  CPI   Avg (%)  Max (%) 
  0    6400937612.0  2850847514.0  2.25    8.37     8.37  
  1    9944795443.0  4914861756.0  2.02   19.29    19.29  
  2    9678338089.0  4659867984.0  2.08   17.73    17.73  
  3   12793258328.0  6327492182.0  2.02   16.56    16.56  
  4    5010957827.0  2462749230.0  2.03    7.24     7.24  
  5    6636315446.0  3314404025.0  2.00    8.14     8.14  
  6    8404480058.0  4234084511.0  1.98   10.29    10.29  
  7     2529153.0      735985.0    3.44    0.00     0.00  
  8     48623076.0    9213875.0    5.28    0.06     0.06  
  9     8744544.0      958480.0    9.12    0.02     0.02  
  10   1346786323.0  651686839.0   2.07    2.32     2.32  
  11    22125075.0    5567474.0    3.97    0.03     0.03  
  12   6267288881.0  3087963268.0  2.03    8.43     8.43  
  13   3150657475.0  1590510890.0  1.98    4.00     4.00  
  14   3903284179.0  1918984037.0  2.03    8.60     8.60  
  15   7741614829.0  3144187179.0  2.46   17.25    17.25  
System 2462.50 (MHz) duration 30 (sec) CPU avg. 145.37%
 CPU      Cycles     Instructions  CPI   Avg (%)  Max (%) 
  0    4497072262.0  2193764186.0  2.05    6.09     6.09  
  1   16780761983.0  8040044555.0  2.09   43.39    43.39  
  2    9564931036.0  4605662989.0  2.08   13.60    13.60  
  3    4787151634.0  2424297708.0  1.97   11.37    11.37  
  4    8117698935.0  3967457521.0  2.05   10.66    10.66  
  5    9190545590.0  3988070949.0  2.30   17.18    17.18  
  6    3805656404.0  1848228959.0  2.06    4.66     4.66  
  7     2329132.0      607221.0    3.84    0.00     0.00  
  8     50506538.0    9036174.0    5.59    0.06     0.06  
  9     7595032.0      808231.0    9.40    0.01     0.01  
  10   1809041070.0  871966174.0   2.07    2.16     2.16  
  11    24447479.0    6249187.0    3.91    0.03     0.03  
  12   6484299578.0  3232534761.0  2.01    9.68     9.68  
  13   4819043672.0  2431881472.0  1.98    8.07     8.07  
  14   4589091784.0  2215403472.0  2.07    5.80     5.80  
  15   8687186004.0  3363500291.0  2.58   12.63    12.63  
System 2576.88 (MHz) duration 30 (sec) CPU avg. 116.54%
 CPU      Cycles     Instructions  CPI   Avg (%)  Max (%) 
  0     59632359.0    11952331.0   4.99    0.08     0.08  
  1    7767358905.0  3833205205.0  2.03   12.49    12.49  
  2   13655584221.0  6582230987.0  2.07   19.51    19.51  
  3    4724871897.0  2366487242.0  2.00    6.07     6.07  
  4     4556033.0     1040037.0    4.38    0.01     0.01  
  5   12908980177.0  4679368003.0  2.76   15.57    15.57  
  6    3195618535.0  1557498316.0  2.05    4.40     4.40  
  7     1904178.0      487529.0    3.91    0.00     0.00  
  8    4850285664.0  2391336616.0  2.03    5.88     5.88  
  9     8278029.0      932263.0    8.88    0.01     0.01  
  10   1634228972.0  775696792.0   2.11    2.57     2.57  
  11    21364931.0    5315208.0    4.02    0.03     0.03  
  12   6349908173.0  3152578212.0  2.01    7.56     7.56  
  13  11131308829.0  4991478641.0  2.23   20.24    20.24  
  14   7888584553.0  3843164152.0  2.05   10.33    10.33  
  15   9269296262.0  4556831082.0  2.03   11.78    11.78  
System 2744.69 (MHz) duration 30 (sec) CPU avg. 113.90%
 CPU      Cycles     Instructions  CPI   Avg (%)  Max (%) 
  0    3171248028.0  1542504101.0  2.06    3.85     3.85  
  1    8817704025.0  4351758408.0  2.03   12.21    12.21  
  2    2670097107.0  1297546672.0  2.06    3.18     3.18  
  3    8588255405.0  4248127446.0  2.02   11.34    11.34  
  4    3133925863.0  1528801782.0  2.05    3.92     3.92  
  5    7671410559.0  3747050831.0  2.05    9.57     9.57  
  6    1809871927.0  886994682.0   2.04    2.18     2.18  
  7     2766615.0      606584.0    4.56    0.00     0.00  
  8    8348553649.0  4058560900.0  2.06   10.48    10.48  
  9     7231174.0      739629.0    9.78    0.01     0.01  
  10   4507503524.0  2159499917.0  2.09    7.75     7.75  
  11    14863862.0    3602163.0    4.13    0.03     0.03  
  12   9141221928.0  4496942990.0  2.03   11.00    11.00  
  13   3871248619.0  1914956411.0  2.02    4.88     4.88  
  14   4955094148.0  2412086832.0  2.05    6.01     6.01  
  15  12354152394.0  4943127272.0  2.50   27.47    27.47  
System 2636.64 (MHz) duration 30 (sec) CPU avg. 129.85%
 CPU      Cycles     Instructions  CPI   Avg (%)  Max (%) 
  0    6695122693.0  3293584755.0  2.03    8.46     8.46  
  1   10216144590.0  5060485841.0  2.02   21.91    21.91  
  2    9797306009.0  5363030431.0  1.83   13.47    13.47  
  3    5990694730.0  2976357466.0  2.01    8.04     8.04  
  4    4562724677.0  2556758632.0  1.78    5.44     5.44  
  5    8770807875.0  4191606031.0  2.09   13.16    13.16  
  6    5345816525.0  2926368808.0  1.83    7.30     7.30  
  7     3528615.0      738014.0    4.78    0.01     0.01  
  8    5365317817.0  2913209663.0  1.84    7.42     7.42  
  9     9101548.0     1061207.0    8.58    0.01     0.01  
  10   1638428693.0  798192052.0   2.05    3.18     3.18  
  11    18783172.0    4585279.0    4.10    0.04     0.04  
  12   6301677814.0  3604017263.0  1.75   11.13    11.13  
  13   4869754381.0  2376630798.0  2.05    9.29     9.29  
  14   2787185876.0  1590255525.0  1.75    3.74     3.74  
  15   8392441385.0  3416127397.0  2.46   17.24    17.24  
System 2513.67 (MHz) duration 30 (sec) CPU avg. 82.75%
 CPU     Cycles     Instructions  CPI   Avg (%)  Max (%) 
  0   894664958.0   333952571.0   2.68    1.19     1.19  
  1   5937688643.0  2284774845.0  2.60    9.32     9.32  
  2   5323272153.0  3057265098.0  1.74   13.05    13.05  
  3   4790475842.0  2200651825.0  2.18    5.91     5.91  
  4   4770569382.0  2650395580.0  1.80    6.61     6.61  
  5   3980195731.0  1752442255.0  2.27    6.98     6.98  
  6   3855782907.0  2103602847.0  1.83    5.03     5.03  
  7    2610460.0      662793.0    3.94    0.00     0.00  
  8   1982539474.0  1022173779.0  1.94    2.40     2.40  
  9    8685481.0      877898.0    9.89    0.02     0.02  
  10  1252720992.0  598505780.0   2.09    2.26     2.26  
  11  2068151405.0  845296968.0   2.45    3.03     3.03  
  12  3386389106.0  1899606129.0  1.78    7.55     7.55  
  13  1994485791.0  803886925.0   2.48    2.71     2.71  
  14  5073128647.0  2494731047.0  2.03    6.78     6.78  
  15  4506228381.0  2043228058.0  2.21    9.90     9.90  
System 2695.62 (MHz) duration 30 (sec) CPU avg. 217.80%
 CPU      Cycles      Instructions  CPI   Avg (%)  Max (%) 
  0    8072515833.0   3995584896.0  2.02    9.98     9.98  
  1   15274354769.0   7663175814.0  1.99   22.43    22.43  
  2    7931349201.0   3992649668.0  1.99   10.62    10.62  
  3   13914094113.0   7015559548.0  1.98   26.14    26.14  
  4    7669028328.0   3795720081.0  2.02    9.24     9.24  
  5   22137470817.0  10457373976.0  2.12   48.89    48.89  
  6   11111840017.0   5563647231.0  2.00   13.25    13.25  
  7     2216793.0       660266.0    3.36    0.00     0.00  
  8   14039678688.0   6837092784.0  2.05   16.85    16.85  
  9     8290156.0       840586.0    9.86    0.01     0.01  
  10   6352022891.0   3178648979.0  2.00    8.78     8.78  
  11   9090272607.0   4532783272.0  2.01   15.09    15.09  
  12   8851859871.0   4508598247.0  1.96   10.79    10.79  
  13    21945114.0     5675668.0    3.87    0.05     0.05  
  14   7318746688.0   3656855722.0  2.00    9.66     9.66  
  15  11427031461.0   5340322317.0  2.14   16.03    16.03  
System 2617.97 (MHz) duration 30 (sec) CPU avg. 230.43%
 CPU      Cycles     Instructions  CPI   Avg (%)  Max (%) 
  0   12199474234.0  5272657934.0  2.31   15.53    15.53  
  1   16703792425.0  8394687807.0  1.99   26.28    26.28  
  2   14369154659.0  7110204060.0  2.02   21.37    21.37  
  3   16628706928.0  8412950731.0  1.98   37.82    37.82  
  4    8949102251.0  4446954988.0  2.01   11.68    11.68  
  5   17520673839.0  7893396971.0  2.22   37.48    37.48  
  6    127621960.0    30712636.0   4.16    0.16     0.16  
  7     3200825.0      665445.0    4.81    0.00     0.00  
  8    5686289359.0  2804608581.0  2.03    7.49     7.49  
  9     7689592.0      819050.0    9.39    0.01     0.01  
  10    34789399.0    6380474.0    5.45    0.04     0.04  
  11   8758434485.0  4437703485.0  1.97   11.57    11.57  
  12  14075291907.0  7144697002.0  1.97   18.88    18.88  
  13    12171293.0    3029751.0    4.02    0.02     0.02  
  14  17878674795.0  8661476452.0  2.06   21.32    21.32  
  15  16310786255.0  6920474581.0  2.36   20.77    20.77  
System 2763.59 (MHz) duration 30 (sec) CPU avg. 223.77%
 CPU      Cycles      Instructions  CPI   Avg (%)  Max (%) 
  0    5840030741.0   2633759310.0  2.22    7.04     7.04  
  1   17317018697.0   8406248789.0  2.06   33.08    33.08  
  2    7764204933.0   3688011845.0  2.11   14.17    14.17  
  3   23220333485.0  11584932975.0  2.00   30.29    30.29  
  4   15030613947.0   7475123563.0  2.01   17.92    17.92  
  5   15070075676.0   6788050250.0  2.22   19.19    19.19  
  6    8597424768.0   4345637639.0  1.98   14.87    14.87  
  7     2089625.0       573490.0    3.64    0.00     0.00  
  8    9051936109.0   4650778295.0  1.95   11.34    11.34  
  9     6482460.0       700482.0    9.25    0.01     0.01  
  10   8632853471.0   4331852848.0  1.99   10.89    10.89  
  11   1622063329.0   811351906.0   2.00    2.31     2.31  
  12   9212969530.0   4568289331.0  2.02   16.04    16.04  
  13   961563751.0    483532609.0   1.99    1.78     1.78  
  14   9127518101.0   4085757681.0  2.23   11.47    11.47  
  15  14253928217.0   6296102548.0  2.26   33.36    33.36  
System 2544.22 (MHz) duration 30 (sec) CPU avg. 227.43%
 CPU      Cycles     Instructions  CPI   Avg (%)  Max (%) 
  0    119619454.0    33654145.0   3.55    0.16     0.16  
  1   11568562976.0  5803451291.0  1.99   27.66    27.66  
  2    7453017432.0  3717737097.0  2.00    8.90     8.90  
  3   11225794429.0  5627552374.0  1.99   13.95    13.95  
  4   17335588718.0  8512864164.0  2.04   24.17    24.17  
  5   16163622646.0  8025951627.0  2.01   22.35    22.35  
  6    8466748925.0  4270455508.0  1.98   10.09    10.09  
  7     2048852.0      606188.0    3.38    0.00     0.00  
  8    8634215906.0  4319370171.0  2.00   14.29    14.29  
  9     8175211.0      822778.0    9.94    0.02     0.02  
  10   6449310994.0  3225136724.0  2.00    7.97     7.97  
  11    24947748.0    6314104.0    3.95    0.03     0.03  
  12  10375396821.0  5224561920.0  1.99   13.74    13.74  
  13  16041645357.0  7941322340.0  2.02   40.80    40.80  
  14   7534242253.0  3744976386.0  2.01    9.09     9.09  
  15  16171169587.0  6697181692.0  2.41   34.22    34.22  
System 2765.78 (MHz) duration 30 (sec) CPU avg. 243.75%
 CPU      Cycles      Instructions  CPI   Avg (%)  Max (%) 
  0    118793941.0     38620728.0   3.08    0.14     0.14  
  1   10567289100.0   5313604052.0  1.99   23.66    23.66  
  2   15052497356.0   8276608464.0  1.82   26.96    26.96  
  3   10875179412.0   5454417610.0  1.99   26.49    26.49  
  4   13981995994.0   7768031061.0  1.80   16.66    16.66  
  5   12126648648.0   5492915877.0  2.21   14.73    14.73  
  6    2428011790.0   1375314483.0  1.77    2.92     2.92  
  7     2382248.0       662788.0    3.59    0.00     0.00  
  8    5401733799.0   2582368605.0  2.09    6.46     6.46  
  9     10069857.0     1242879.0    8.10    0.02     0.02  
  10  17161428542.0   9646711590.0  1.78   24.90    24.90  
  11    25692354.0     6400421.0    4.01    0.06     0.06  
  12  13170904284.0   7607352428.0  1.73   17.19    17.19  
  13  20569878232.0  10228444715.0  2.01   56.68    56.68  
  14   2894721180.0   1662601683.0  1.74    3.88     3.88  
  15  11670166369.0   5355633394.0  2.18   23.00    23.00  
System 2276.95 (MHz) duration 30 (sec) CPU avg. 128.56%
 CPU      Cycles     Instructions  CPI   Avg (%)  Max (%) 
  0    5916000022.0  2634347170.0  2.25    8.66     8.66  
  1   12017146493.0  5454155825.0  2.20   15.82    15.82  
  2    4188811027.0  2566235794.0  1.63    5.92     5.92  
  3   10327557805.0  4985546087.0  2.07   23.20    23.20  
  4    2039063821.0  1228087230.0  1.66    2.66     2.66  
  5    8584194599.0  3598322699.0  2.39   21.16    21.16  
  6    4311428538.0  2272967343.0  1.90    5.45     5.45  
  7     3303389.0     1324353.0    2.49    0.00     0.00  
  8    6830049079.0  3975276118.0  1.72    8.19     8.19  
  9     8796331.0     1041201.0    8.45    0.01     0.01  
  10   4807311523.0  2908801486.0  1.65    5.82     5.82  
  11    27140131.0    7205197.0    3.77    0.06     0.06  
  12   8092137962.0  4994681476.0  1.62   13.19    13.19  
  13   1522494724.0  735535954.0   2.07    1.98     1.98  
  14   4425599757.0  2636190952.0  1.68    5.28     5.28  
  15   4347322829.0  2058886495.0  2.11   11.16    11.16  
System 2773.44 (MHz) duration 30 (sec) CPU avg. 334.24%
 CPU      Cycles      Instructions  CPI   Avg (%)  Max (%) 
  0    8795759139.0   4355913098.0  2.02   10.57    10.57  
  1   17733048052.0   9078100708.0  1.95   23.11    23.11  
  2   14081845998.0   7005020750.0  2.01   17.47    17.47  
  3   28472429329.0  14735455441.0  1.93   41.09    41.09  
  4   17685270913.0   8795174491.0  2.01   21.30    21.30  
  5   24446949062.0  11528662622.0  2.12   41.40    41.40  
  6   16429070284.0   8123886633.0  2.02   19.57    19.57  
  7     2777757.0       768397.0    3.62    0.00     0.00  
  8   13830439587.0   6817129391.0  2.03   18.67    18.67  
  9     9716292.0      1265644.0    7.68    0.01     0.01  
  10  14061197254.0   7112165161.0  1.98   22.10    22.10  
  11   5217469243.0   2562433544.0  2.04    6.86     6.86  
  12  13718485365.0   6976725515.0  1.97   28.23    28.23  
  13   9262922972.0   4741518005.0  1.95   21.93    21.93  
  14   9491171938.0   4799968173.0  1.98   13.24    13.24  
  15  26351739183.0  12084428358.0  2.18   48.66    48.66  
System 2625.78 (MHz) duration 30 (sec) CPU avg. 317.62%
 CPU      Cycles      Instructions  CPI   Avg (%)  Max (%) 
  0   14716763266.0   7115382619.0  2.07   18.68    18.68  
  1   24698256886.0  12790753325.0  1.93   60.20    60.20  
  2   16400918559.0   8172485494.0  2.01   19.94    19.94  
  3   18771514779.0   9748731788.0  1.93   23.81    23.81  
  4   22015770862.0  11003268953.0  2.00   26.51    26.51  
  5   21363897329.0  10952128307.0  1.95   28.40    28.40  
  6    9130364862.0   4487659682.0  2.03   11.00    11.00  
  7     3568140.0       965340.0    3.70    0.00     0.00  
  8   10644780056.0   5294550161.0  2.01   12.68    12.68  
  9     9414724.0      1144226.0    8.23    0.02     0.02  
  10   9042962814.0   4594363997.0  1.97   12.40    12.40  
  11    26618703.0     6575917.0    4.05    0.03     0.03  
  12  13456989905.0   6824369188.0  1.97   17.45    17.45  
  13  22600360135.0  11559250694.0  1.96   39.26    39.26  
  14  11065306988.0   5558864317.0  1.99   15.92    15.92  
  15  19256910357.0   8701038520.0  2.21   31.29    31.29  
System 2758.12 (MHz) duration 30 (sec) CPU avg. 300.71%
 CPU      Cycles      Instructions  CPI   Avg (%)  Max (%) 
  0    244964677.0    105045473.0   2.33    0.30     0.30  
  1   24668789906.0  12594654455.0  1.96   29.51    29.51  
  2   18622623133.0   9457650819.0  1.97   39.89    39.89  
  3   21625631972.0  11085952004.0  1.95   40.07    40.07  
  4    9110828337.0   4542996575.0  2.01   10.85    10.85  
  5   22607257810.0  11311684707.0  2.00   29.94    29.94  
  6    9007868404.0   4497929886.0  2.00   11.79    11.79  
  7    3298349424.0   1700805388.0  1.94    6.72     6.72  
  8    5154971371.0   2559078392.0  2.01    6.88     6.88  
  9     7340853.0       765809.0    9.59    0.01     0.01  
  10  13065811795.0   6592344230.0  1.98   18.16    18.16  
  11   3451957437.0   1745153028.0  1.98    5.26     5.26  
  12  23307323029.0  11743721872.0  1.98   35.35    35.35  
  13   3325651860.0   1708222877.0  1.95    6.36     6.36  
  14  19562594889.0   9781729281.0  2.00   32.89    32.89  
  15  22153862280.0  11187220376.0  1.98   26.74    26.74  
System 2797.81 (MHz) duration 30 (sec) CPU avg. 323.98%
 CPU      Cycles      Instructions  CPI   Avg (%)  Max (%) 
  0    259451975.0    101752736.0   2.55    0.31     0.31  
  1   15901687768.0   8052029424.0  1.97   34.43    34.43  
  2    9340138802.0   4647779430.0  2.01   13.36    13.36  
  3   14151348766.0   6996133949.0  2.02   17.19    17.19  
  4   11450725492.0   5674181926.0  2.02   14.84    14.84  
  5   24802768804.0  12488375764.0  1.99   58.45    58.45  
  6   12362596192.0   6218805495.0  1.99   14.85    14.85  
  7   14850988626.0   7040960924.0  2.11   34.48    34.48  
  8   21406360970.0  10508750249.0  2.04   25.50    25.50  
  9     8271146.0      1001866.0    8.26    0.01     0.01  
  10  11115723421.0   5626014917.0  1.98   15.30    15.30  
  11    24440593.0     6144525.0    3.98    0.06     0.06  
  12  21299884022.0  10782270363.0  1.98   27.89    27.89  
  13  14847488860.0   7026442873.0  2.11   19.50    19.50  
  14   9945290184.0   4935089522.0  2.02   12.41    12.41  
  15  21991220661.0  10831855117.0  2.03   35.40    35.40  
System 2666.95 (MHz) duration 30 (sec) CPU avg. 303.12%
 CPU      Cycles      Instructions  CPI   Avg (%)  Max (%) 
  0    226428574.0     97336966.0   2.33    0.28     0.28  
  1   26961695437.0  13757342011.0  1.96   32.89    32.89  
  2   12136485479.0   7232599385.0  1.68   25.41    25.41  
  3   13369384341.0   6799990420.0  1.97   16.74    16.74  
  4    2232657608.0   1285973190.0  1.74    2.87     2.87  
  5   18112367180.0   8897011070.0  2.04   22.80    22.80  
  6   12496343258.0   7179078003.0  1.74   15.87    15.87  
  7   12409169970.0   6213764184.0  2.00   14.78    14.78  
  8    4659240388.0   2549259231.0  1.83    6.75     6.75  
  9     9228012.0      1085895.0    8.50    0.01     0.01  
  10  22209625969.0  12820414809.0  1.73   30.10    30.10  
  11    24655902.0     6162790.0    4.00    0.05     0.05  
  12  19493867515.0  11526179832.0  1.69   31.21    31.21  
  13  14196658155.0   6653054902.0  2.13   25.45    25.45  
  14  22973582130.0  13238985901.0  1.74   55.65    55.65  
  15  14169598061.0   6623739235.0  2.14   22.25    22.25  
System 2672.50 (MHz) duration 30 (sec) CPU avg. 214.24%
 CPU      Cycles     Instructions  CPI   Avg (%)  Max (%) 
  0    4473014657.0  2925366099.0  1.53    5.58     5.58  
  1   15765230504.0  7547965775.0  2.09   19.67    19.67  
  2   14796937423.0  9974847095.0  1.48   18.83    18.83  
  3    8406563097.0  4091957447.0  2.05   13.65    13.65  
  4    8639401318.0  5721506303.0  1.51   10.41    10.41  
  5   15064534426.0  6796662403.0  2.22   31.81    31.81  
  6    7435136534.0  4833135610.0  1.54    8.85     8.85  
  7    7437372177.0  3772818787.0  1.97   17.03    17.03  
  8    5870501160.0  3659326752.0  1.60    7.11     7.11  
  9     8503366.0      946055.0    8.99    0.02     0.02  
  10   5508033956.0  3521730124.0  1.56    7.53     7.53  
  11    25970875.0    6967943.0    3.73    0.06     0.06  
  12  11623907644.0  7881621052.0  1.47   15.71    15.71  
  13   8046114177.0  4045400539.0  1.99   12.05    12.05  
  14   8093591339.0  4170720585.0  1.94   17.01    17.01  
  15  13039178460.0  5649369397.0  2.31   28.92    28.92  
