
System 2767.50 (MHz) duration 30 (sec) CPU avg. 101.38%
 CPU     Cycles     Instructions  CPI   Avg (%)  Max (%) 
  0   5137861066.0  4645335608.0  1.11    6.19     6.19  
  1   6159976647.0  8161540280.0  0.75   14.58    14.58  
  2   3965940125.0  3515367110.0  1.13    4.73     4.73  
  3   3462698577.0  4093562110.0  0.85    4.88     4.88  
  4   4105094848.0  4421734057.0  0.93    5.33     5.33  
  5   3483212054.0  4084791166.0  0.85    4.40     4.40  
  6   4131262592.0  3574183813.0  1.16    6.35     6.35  
  7    1658929.0      545263.0    3.04    0.00     0.00  
  8   4599994185.0  4520640912.0  1.02    6.13     6.13  
  9   4598345662.0  4346547247.0  1.06    5.90     5.90  
  10  5703515628.0  5623696771.0  1.01    7.64     7.64  
  11  3505914751.0  4087121168.0  0.86    5.21     5.21  
  12  4844390873.0  4587604630.0  1.06    6.96     6.96  
  13  3493620323.0  4085697975.0  0.86    5.19     5.19  
  14  6960531421.0  5924884603.0  1.17   13.44    13.44  
  15  3492801119.0  4082654038.0  0.86    4.45     4.45  
System 2796.17 (MHz) duration 30 (sec) CPU avg. 118.08%
 CPU     Cycles     Instructions  CPI   Avg (%)  Max (%) 
  0   4891788648.0  4603218650.0  1.06    5.83     5.83  
  1   6168886261.0  8164923028.0  0.76   14.93    14.93  
  2   4650102152.0  4334997785.0  1.07    9.75     9.75  
  3   3476785907.0  4091794504.0  0.85    8.53     8.53  
  4   5384760704.0  4726975967.0  1.14    7.42     7.42  
  5   3501179660.0  4082429427.0  0.86    6.29     6.29  
  6   5751724629.0  4602479778.0  1.25    9.66     9.66  
  7    1557159.0      496669.0    3.14    0.00     0.00  
  8   5683902276.0  4789720004.0  1.19   12.83    12.83  
  9   3541363882.0  4087668436.0  0.87    4.70     4.70  
  10  6198205031.0  5100096591.0  1.22    7.49     7.49  
  11  3516726597.0  4087335399.0  0.86    6.64     6.64  
  12  4291575300.0  4444878530.0  0.97    5.47     5.47  
  13  3515524192.0  4090549685.0  0.86    4.53     4.53  
  14  5309109161.0  4864315280.0  1.09    6.43     6.43  
  15  3510751562.0  4082431066.0  0.86    7.58     7.58  
System 2764.53 (MHz) duration 30 (sec) CPU avg. 110.51%
 CPU     Cycles     Instructions  CPI   Avg (%)  Max (%) 
  0   6950222804.0  6118926584.0  1.14    8.38     8.38  
  1   6114848523.0  8065838126.0  0.76   15.10    15.10  
  2   4583698294.0  4671945301.0  0.98    5.46     5.46  
  3   3444486005.0  4044589187.0  0.85    9.24     9.24  
  4   5414263476.0  4504564539.0  1.20    6.77     6.77  
  5   3463312667.0  4036454229.0  0.86    4.42     4.42  
  6   3508139384.0  3308445878.0  1.06    4.87     4.87  
  7    2282526.0      706194.0    3.23    0.00     0.00  
  8   5005341154.0  4586575017.0  1.09    6.95     6.95  
  9   3495380115.0  4035544234.0  0.87    7.76     7.76  
  10  5095471743.0  4609632824.0  1.11    6.23     6.23  
  11  3477838171.0  4035737030.0  0.86    4.72     4.72  
  12  4821936124.0  4340374328.0  1.11    9.71     9.71  
  13  3475848896.0  4043373033.0  0.86    7.70     7.70  
  14  4582152102.0  4487960250.0  1.02    6.13     6.13  
  15  3471808062.0  4036853368.0  0.86    7.07     7.07  
System 2763.20 (MHz) duration 30 (sec) CPU avg. 104.77%
 CPU     Cycles     Instructions  CPI   Avg (%)  Max (%) 
  0   6314295135.0  5028125060.0  1.26    7.62     7.62  
  1   6061338366.0  7996194716.0  0.76    7.84     7.84  
  2   5362328840.0  4250293289.0  1.26    6.53     6.53  
  3   3412722566.0  4006956967.0  0.85    9.31     9.31  
  4   4937075485.0  4345323094.0  1.14    6.40     6.40  
  5   3430438033.0  3998362104.0  0.86    4.30     4.30  
  6   4955319548.0  4529285635.0  1.09    5.93     5.93  
  7    2569113.0      602481.0    4.26    0.00     0.00  
  8   5321896482.0  4627456665.0  1.15    8.99     8.99  
  9   3471947155.0  4002179611.0  0.87    4.72     4.72  
  10  6447597447.0  5451776804.0  1.18    8.16     8.16  
  11  3466185182.0  4006751564.0  0.87    6.31     6.31  
  12  4175249734.0  4136946627.0  1.01    8.68     8.68  
  13  3438879290.0  4001481521.0  0.86    4.31     4.31  
  14  5203793769.0  4614954407.0  1.13   11.20    11.20  
  15  3442617594.0  3997661138.0  0.86    4.45     4.45  
System 2770.00 (MHz) duration 30 (sec) CPU avg. 108.07%
 CPU     Cycles     Instructions  CPI   Avg (%)  Max (%) 
  0   3937322442.0  4678244112.0  0.84    4.74     4.74  
  1   5829777992.0  7516849325.0  0.78    7.72     7.72  
  2   5834307264.0  4956189657.0  1.18   10.69    10.69  
  3   3278439110.0  3772740359.0  0.87    4.38     4.38  
  4   2935382425.0  2994959228.0  0.98    3.86     3.86  
  5   5559214432.0  4318944676.0  1.29   11.35    11.35  
  6   5549427016.0  5844842288.0  0.95    6.62     6.62  
  7    2754541.0      652637.0    4.22    0.00     0.00  
  8   4131580395.0  4400159268.0  0.94    8.59     8.59  
  9   3311211744.0  3747697028.0  0.88    4.17     4.17  
  10  5967711071.0  5183229171.0  1.15    7.14     7.14  
  11  3270470128.0  3747172791.0  0.87    7.69     7.69  
  12  4306409629.0  4509439669.0  0.95    6.53     6.53  
  13  3289682145.0  3756294128.0  0.88    8.32     8.32  
  14  6293750060.0  5370015455.0  1.17    7.87     7.87  
  15  3260229046.0  3746961634.0  0.87    8.41     8.41  
System 2765.31 (MHz) duration 30 (sec) CPU avg. 53.80%
 CPU     Cycles     Instructions  CPI   Avg (%)  Max (%) 
  0   2924047928.0  2427100160.0  1.20    3.52     3.52  
  1   2943760854.0  2929450549.0  1.00    4.17     4.17  
  2   3259254164.0  2564981755.0  1.27    4.56     4.56  
  3   2219939750.0  1476166860.0  1.50    2.69     2.69  
  4   2114779099.0  1886086752.0  1.12    2.61     2.61  
  5   2184849893.0  1441505838.0  1.52    2.97     2.97  
  6   2003841607.0  1840841523.0  1.09    3.19     3.19  
  7    3445613.0      767619.0    4.49    0.01     0.01  
  8   2053842187.0  1914931795.0  1.07    2.86     2.86  
  9   2154160472.0  1426008535.0  1.51    2.88     2.88  
  10  3271277387.0  2710484377.0  1.21    3.90     3.90  
  11  2144041101.0  1428867027.0  1.50    2.69     2.69  
  12  1975905111.0  1749952139.0  1.13    2.51     2.51  
  13  2214498703.0  1454298722.0  1.52    5.80     5.80  
  14  2463710515.0  2401459755.0  1.03    4.41     4.41  
  15  2136495257.0  1426153119.0  1.50    5.04     5.04  
System 2698.98 (MHz) duration 30 (sec) CPU avg. 348.02%
 CPU      Cycles      Instructions  CPI   Avg (%)  Max (%) 
  0   28168931160.0  36217731441.0  0.78   34.79    34.79  
  1   24198042487.0  35873773823.0  0.67   29.53    29.53  
  2   27030981216.0  35276012643.0  0.77   33.88    33.88  
  3   12415540123.0  18050927994.0  0.69   26.42    26.42  
  4   11220049451.0  13184144885.0  0.85   13.37    13.37  
  5   12504318737.0  18041790095.0  0.69   34.74    34.74  
  6    9659750465.0  11420252539.0  0.85   11.85    11.85  
  7     2782223.0       624910.0    4.45    0.01     0.01  
  8    1635400953.0   1726161897.0  0.95    2.81     2.81  
  9   12745475978.0  18072891477.0  0.71   25.39    25.39  
  10   1874175186.0   1796240063.0  1.04    2.58     2.58  
  11  12514996973.0  18040687759.0  0.69   17.64    17.64  
  12  28181636980.0  36250822877.0  0.78   50.47    50.47  
  13  12475874344.0  18054507607.0  0.69   28.37    28.37  
  14  11013748405.0  13303855061.0  0.83   14.59    14.59  
  15  12470982029.0  18042722415.0  0.69   21.60    21.60  
System 2798.91 (MHz) duration 30 (sec) CPU avg. 310.91%
 CPU      Cycles      Instructions  CPI   Avg (%)  Max (%) 
  0   31668408399.0  45177271942.0  0.70   37.72    37.72  
  1   23677144478.0  35612226019.0  0.66   44.69    44.69  
  2   11409640323.0  13430371590.0  0.85   19.78    19.78  
  3   12347884955.0  17973227844.0  0.69   16.17    16.17  
  4   10871672401.0  12362345395.0  0.88   14.34    14.34  
  5   12434749189.0  17960543935.0  0.69   14.87    14.87  
  6   21823883331.0  26137320064.0  0.83   35.50    35.50  
  7     1802931.0       569984.0    3.16    0.00     0.00  
  8    9623801535.0  11424043361.0  0.84   11.59    11.59  
  9   12536615696.0  17954008212.0  0.70   16.84    16.84  
  10  10795735398.0  13274050958.0  0.81   13.20    13.20  
  11  12474729163.0  17955908495.0  0.69   27.06    27.06  
  12  10508080677.0  13223044329.0  0.79   13.43    13.43  
  13  12513183436.0  17991851657.0  0.70   16.54    16.54  
  14  11119247447.0  13358195221.0  0.83   13.78    13.78  
  15  12380737107.0  17964608935.0  0.69   15.41    15.41  
System 2714.14 (MHz) duration 30 (sec) CPU avg. 312.75%
 CPU      Cycles      Instructions  CPI   Avg (%)  Max (%) 
  0   37984637693.0  56079381536.0  0.68   46.65    46.65  
  1   23802743099.0  35201457165.0  0.68   30.86    30.86  
  2   14260768282.0  16583706763.0  0.86   16.99    16.99  
  3   12213338528.0  17722339582.0  0.69   26.23    26.23  
  4   15420010682.0  18554287229.0  0.83   18.35    18.35  
  5   12286771869.0  17704491764.0  0.69   14.75    14.75  
  6   11168267632.0  14006318825.0  0.80   13.67    13.67  
  7     2006929.0       595184.0    3.37    0.00     0.00  
  8   14009920888.0  16491412803.0  0.85   21.56    21.56  
  9   12381963925.0  17709220474.0  0.70   16.86    16.86  
  10   8269247928.0   9983377887.0  0.83   10.56    10.56  
  11  12427994086.0  17727525203.0  0.70   21.72    21.72  
  12   7966435752.0   9946653890.0  0.80   14.44    14.44  
  13  12223929924.0  17712223772.0  0.69   26.26    26.26  
  14   2982228719.0   3450998658.0  0.86    3.73     3.73  
  15  12712924834.0  17821955802.0  0.71   30.08    30.08  
System 2722.19 (MHz) duration 30 (sec) CPU avg. 324.20%
 CPU      Cycles      Instructions  CPI   Avg (%)  Max (%) 
  0   30181144662.0  41286421614.0  0.73   36.96    36.96  
  1   24171045134.0  35479793476.0  0.68   28.78    28.78  
  2    5579733129.0   6592972031.0  0.85    6.91     6.91  
  3   12288517998.0  17833632656.0  0.69   15.40    15.40  
  4    5882147054.0   6699020009.0  0.88   14.31    14.31  
  5   12347241338.0  17821080146.0  0.69   21.00    21.00  
  6   28636467859.0  36566920458.0  0.78   47.71    47.71  
  7     2011432.0       608339.0    3.31    0.00     0.00  
  8    5469588867.0   6104137512.0  0.90    8.60     8.60  
  9   12462737804.0  17821788183.0  0.70   26.55    26.55  
  10  11017393447.0  12759866914.0  0.86   14.28    14.28  
  11  12413042307.0  17831395710.0  0.70   29.25    29.25  
  12   400775231.0    128946933.0   3.11    0.75     0.75  
  13  12333436810.0  17830836197.0  0.69   17.70    17.70  
  14  27527972185.0  36326369414.0  0.76   36.80    36.80  
  15  13479816511.0  18107637116.0  0.74   19.20    19.20  
System 2622.81 (MHz) duration 30 (sec) CPU avg. 290.49%
 CPU      Cycles      Instructions  CPI   Avg (%)  Max (%) 
  0   50605699706.0  79522240343.0  0.64   64.31    64.31  
  1   21376886893.0  30201215526.0  0.71   27.30    27.30  
  2    9242495826.0  11791933480.0  0.78   11.02    11.02  
  3   10765391808.0  15122432600.0  0.71   19.99    19.99  
  4   10264866109.0  12463986734.0  0.82   12.85    12.85  
  5   12826306986.0  15592811799.0  0.82   19.60    19.60  
  6    9889847341.0  12495327420.0  0.79   13.00    13.00  
  7     1850887.0       565272.0    3.27    0.00     0.00  
  8    8412500047.0  10427844554.0  0.81   17.26    17.26  
  9   10819862413.0  15067371324.0  0.72   17.30    17.30  
  10   6319195752.0   7529033682.0  0.84    7.84     7.84  
  11  10764556998.0  15074149549.0  0.71   14.32    14.32  
  12   6637023732.0   7651705551.0  0.87    8.60     8.60  
  13  10759877347.0  15087390890.0  0.71   28.93    28.93  
  14   3552643931.0   2359084939.0  1.51    4.27     4.27  
  15  12394374776.0  15488755621.0  0.80   23.90    23.90  
System 2798.75 (MHz) duration 30 (sec) CPU avg. 176.82%
 CPU      Cycles      Instructions  CPI   Avg (%)  Max (%) 
  0   14811245285.0  18053382741.0  0.82   17.64    17.64  
  1   11340660624.0  13489106593.0  0.84   13.57    13.57  
  2    7986754683.0   9279298386.0  0.86   13.96    13.96  
  3    6029721778.0   6755811879.0  0.89   15.44    15.44  
  4    8932088428.0   9750555573.0  0.92   10.89    10.89  
  5    5918470478.0   6631461508.0  0.89   10.92    10.92  
  6    7944904643.0   8980913139.0  0.88   11.61    11.61  
  7     2523943.0       621653.0    4.06    0.00     0.00  
  8    8870007893.0   9133630389.0  0.97   14.89    14.89  
  9    5909548917.0   6630143480.0  0.89    9.02     9.02  
  10   7698271193.0   7665882037.0  1.00    9.38     9.38  
  11   5884950750.0   6639467336.0  0.89   12.99    12.99  
  12   8510858617.0   9654578284.0  0.88   10.52    10.52  
  13   5930308875.0   6697945979.0  0.89   11.59    11.59  
  14   5526120904.0   6065011650.0  0.91    6.84     6.84  
  15   5847811178.0   6623925801.0  0.88    7.55     7.55  
System 2282.26 (MHz) duration 30 (sec) CPU avg. 499.74%
 CPU      Cycles      Instructions  CPI   Avg (%)  Max (%) 
  0   54155908907.0  88753552995.0  0.61   79.10    79.10  
  1   36428994210.0  56992984216.0  0.64   62.72    62.72  
  2   15746957673.0  22048831257.0  0.71   18.77    18.77  
  3   19033566676.0  28812568505.0  0.66   23.75    23.75  
  4    7128259492.0   9565266891.0  0.75   11.31    11.31  
  5   19161601991.0  28784773832.0  0.67   29.88    29.88  
  6   16462059106.0  22191878695.0  0.74   25.94    25.94  
  7    114161971.0     18802256.0   6.07    0.19     0.19  
  8   16203648955.0  22127100603.0  0.73   21.28    21.28  
  9   19305411352.0  28775613276.0  0.67   27.94    27.94  
  10  16133416129.0  22187598386.0  0.73   22.72    22.72  
  11  19722930317.0  28921067678.0  0.68   48.09    48.09  
  12  16214508389.0  22324549191.0  0.73   26.59    26.59  
  13  19083016096.0  28793433967.0  0.66   23.48    23.48  
  14  15999946080.0  22178795899.0  0.72   28.42    28.42  
  15  19039581581.0  28782460994.0  0.66   49.57    49.57  
System 2664.92 (MHz) duration 30 (sec) CPU avg. 424.36%
 CPU      Cycles        Instructions    CPI   Avg (%)  Max (%) 
  0   61575399186.0  1.02320664112e+11  0.60   77.02    77.02  
  1   34530957787.0    54464785172.0    0.63   59.94    59.94  
  2   14210660287.0    19540546298.0    0.73   17.78    17.78  
  3   18161911260.0    27546824700.0    0.66   26.83    26.83  
  4   14538668880.0    19756529684.0    0.74   20.75    20.75  
  5   18305596538.0    27527171647.0    0.67   28.29    28.29  
  6   14274419071.0    19504044131.0    0.73   17.02    17.02  
  7    117218905.0       18999734.0     6.17    0.16     0.16  
  8   14360540025.0    19536204312.0    0.74   17.73    17.73  
  9   18588728761.0    27574060170.0    0.67   23.22    23.22  
  10  14612824755.0    19658892409.0    0.74   19.97    19.97  
  11  18302692146.0    27532447079.0    0.66   37.13    37.13  
  12  14757485128.0    19811935902.0    0.74   24.29    24.29  
  13  18340110939.0    27565260613.0    0.67   23.88    23.88  
  14   368620325.0      125076558.0     2.95    0.75     0.75  
  15  18339882064.0    27576819350.0    0.67   29.59    29.59  
System 2274.61 (MHz) duration 30 (sec) CPU avg. 465.76%
 CPU      Cycles      Instructions  CPI   Avg (%)  Max (%) 
  0   42426368173.0  70013015322.0  0.61   62.17    62.17  
  1   39113957190.0  61345781150.0  0.64   51.11    51.11  
  2   17059176809.0  23273036353.0  0.73   21.89    21.89  
  3   20522923872.0  31041877611.0  0.66   32.51    32.51  
  4    8918128904.0  11982672472.0  0.74   11.58    11.58  
  5   20886681906.0  31088564997.0  0.67   28.91    28.91  
  6    8918950684.0  11731958052.0  0.76   10.62    10.62  
  7     88929068.0     15433221.0   5.76    0.13     0.13  
  8   17387622926.0  23340090668.0  0.74   28.25    28.25  
  9   20832493848.0  31025457621.0  0.67   27.21    27.21  
  10  17522757683.0  23424483535.0  0.75   21.03    21.03  
  11  20916082390.0  31085593652.0  0.67   33.78    33.78  
  12  17372197489.0  23566845566.0  0.74   27.72    27.72  
  13  20546490258.0  31018039305.0  0.66   26.61    26.61  
  14  41379913971.0  61928359081.0  0.67   56.39    56.39  
  15  20528518685.0  31037608132.0  0.66   25.83    25.83  
System 2757.03 (MHz) duration 30 (sec) CPU avg. 439.88%
 CPU      Cycles      Instructions  CPI   Avg (%)  Max (%) 
  0   59163028796.0  98931448966.0  0.60   71.53    71.53  
  1   35090529208.0  55142337841.0  0.64   57.45    57.45  
  2   11371984192.0  15566968486.0  0.73   14.73    14.73  
  3   18332077543.0  27870785438.0  0.66   44.50    44.50  
  4   11663966056.0  15817776345.0  0.74   13.89    13.89  
  5   18785604423.0  27938676576.0  0.67   25.26    25.26  
  6    9561868581.0  12708244983.0  0.75   13.53    13.53  
  7    147885214.0     22454235.0   6.59    0.24     0.24  
  8   10274051219.0  12882372633.0  0.80   20.26    20.26  
  9   18583426157.0  27858249954.0  0.67   29.62    29.62  
  10  11110373951.0  13135078148.0  0.85   14.49    14.49  
  11  18827761237.0  27938634230.0  0.67   31.90    31.90  
  12   383182505.0    251707126.0   1.52    0.90     0.90  
  13  18365624246.0  27859969336.0  0.66   23.19    23.19  
  14  35719219505.0  52821330168.0  0.68   44.05    44.05  
  15  18347334168.0  27871155700.0  0.66   34.35    34.35  
System 2767.19 (MHz) duration 30 (sec) CPU avg. 459.61%
 CPU      Cycles      Instructions  CPI   Avg (%)  Max (%) 
  0   39907452618.0  66803641017.0  0.60   48.07    48.07  
  1   34575414018.0  52283365721.0  0.66   45.97    45.97  
  2   16978927647.0  23205959523.0  0.73   20.24    20.24  
  3   18030738703.0  26413628898.0  0.68   37.69    37.69  
  4   11377697904.0  15374241944.0  0.74   19.06    19.06  
  5   18087091095.0  26375160490.0  0.69   23.19    23.19  
  6   14940065942.0  21239098793.0  0.70   20.92    20.92  
  7    131471267.0     20421984.0   6.44    0.20     0.20  
  8   15681614563.0  21870884707.0  0.72   20.39    20.39  
  9   18100536835.0  26338179130.0  0.69   25.16    25.16  
  10  38635720716.0  58936715727.0  0.66   47.90    47.90  
  11  17887851739.0  26305091725.0  0.68   26.80    26.80  
  12  11037192310.0  14443998602.0  0.76   18.94    18.94  
  13  17862062524.0  26341785297.0  0.68   41.45    41.45  
  14  17058356097.0  24038641539.0  0.71   34.09    34.09  
  15  17781498550.0  26308876457.0  0.68   29.53    29.53  
System 2772.66 (MHz) duration 30 (sec) CPU avg. 303.13%
 CPU      Cycles      Instructions  CPI   Avg (%)  Max (%) 
  0   37649444785.0  52815210354.0  0.71   45.26    45.26  
  1   20501125975.0  26893514369.0  0.76   26.43    26.43  
  2   13344868541.0  16568267844.0  0.81   19.33    19.33  
  3   10777578637.0  13609298200.0  0.79   14.53    14.53  
  4   12700561162.0  14575194007.0  0.87   23.80    23.80  
  5   10494310759.0  13424672640.0  0.78   12.63    12.63  
  6   12128456662.0  15608741465.0  0.78   19.02    19.02  
  7     18310519.0     3765097.0    4.86    0.05     0.05  
  8   13291907985.0  16433104096.0  0.81   30.73    30.73  
  9   10507585257.0  13423592674.0  0.78   27.59    27.59  
  10  10663368916.0  11875717557.0  0.90   15.83    15.83  
  11  10428578958.0  13386336806.0  0.78   15.21    15.21  
  12   7719833208.0   8966560947.0  0.86   14.74    14.74  
  13  10598144640.0  13498908692.0  0.79   12.63    12.63  
  14   9838506323.0  11863281514.0  0.83   12.76    12.76  
  15  10340377070.0  13387889812.0  0.77   12.59    12.59  
System 2330.08 (MHz) duration 30 (sec) CPU avg. 653.56%
 CPU      Cycles        Instructions    CPI   Avg (%)  Max (%) 
  0   61270776043.0  1.04564383023e+11  0.59   87.65    87.65  
  1   46842414204.0    78270999810.0    0.60   106.88   106.88 
  2   22042596043.0    33137438345.0    0.67   31.48    31.48  
  3   25188922412.0    39687513816.0    0.63   30.57    30.57  
  4    2272947802.0     3189552970.0    0.71    2.71     2.71  
  5   24961475211.0    39602795960.0    0.63   42.93    42.93  
  6   19645734586.0    29785237540.0    0.66   23.92    23.92  
  7     25489370.0       4252390.0      5.99    0.03     0.03  
  8   22362946565.0    32791420846.0    0.68   59.73    59.73  
  9   26292938970.0    39842629895.0    0.66   35.23    35.23  
  10  19992660374.0    30107532162.0    0.66   24.45    24.45  
  11  25125062580.0    39625537122.0    0.63   37.13    37.13  
  12  19819073400.0    30612705328.0    0.65   25.56    25.56  
  13  25290752732.0    39676088788.0    0.64   61.41    61.41  
  14  31731479011.0    51698978870.0    0.61   42.17    42.17  
  15  25371206458.0    39709651937.0    0.64   41.72    41.72  
System 2760.78 (MHz) duration 30 (sec) CPU avg. 634.37%
 CPU      Cycles        Instructions    CPI   Avg (%)  Max (%) 
  0   61378135915.0  1.05030540477e+11  0.58   74.11    74.11  
  1   50659306473.0    85125954071.0    0.60   79.04    79.04  
  2   24642910213.0    37178909716.0    0.66   43.50    43.50  
  3   26999605327.0    43101262397.0    0.63   44.69    44.69  
  4   12911996956.0    19167683677.0    0.67   32.01    32.01  
  5   27691849689.0    43169311319.0    0.64   43.13    43.13  
  6   24898218508.0    37043884589.0    0.67   30.17    30.17  
  7    107149392.0       18661521.0     5.74    0.20     0.20  
  8   25037635184.0    37010908649.0    0.68   30.06    30.06  
  9   27829974171.0    43140678137.0    0.65   33.90    33.90  
  10  24186293780.0    36726847482.0    0.66   33.19    33.19  
  11  27663466536.0    43149185966.0    0.64   38.62    38.62  
  12  23815209125.0    36656026840.0    0.65   32.54    32.54  
  13  27968066763.0    43270262941.0    0.65   36.87    36.87  
  14  23682002121.0    36647364182.0    0.65   47.01    47.01  
  15  27490440390.0    43173048359.0    0.64   35.35    35.35  
System 2782.66 (MHz) duration 30 (sec) CPU avg. 569.81%
 CPU      Cycles       Instructions    CPI   Avg (%)  Max (%) 
  0   72187549833.0  1.2632854147e+11  0.57   86.47    86.47  
  1   42482691648.0   70788547009.0    0.60   58.82    58.82  
  2   17453071242.0   26273110615.0    0.66   22.29    22.29  
  3   22483591784.0   35827267984.0    0.63   28.29    28.29  
  4   17656983159.0   27016174512.0    0.65   21.60    21.60  
  5   24323406912.0   36203968821.0    0.67   44.84    44.84  
  6   17097529189.0   25905852740.0    0.66   27.68    27.68  
  7    282982637.0      51197669.0     5.53    0.56     0.56  
  8   17462613279.0   26093723470.0    0.67   21.43    21.43  
  9   23768883349.0   36014441368.0    0.66   60.84    60.84  
  10   679344993.0     694222411.0     0.98    0.82     0.82  
  11  22726466741.0   35808068696.0    0.63   38.88    38.88  
  12  17622301389.0   26145426188.0    0.67   32.90    32.90  
  13  22838289896.0   35847773927.0    0.64   42.47    42.47  
  14  17322337777.0   26086985098.0    0.66   29.18    29.18  
  15  22846344981.0   35873340375.0    0.64   52.72    52.72  
System 2175.39 (MHz) duration 30 (sec) CPU avg. 622.26%
 CPU      Cycles        Instructions    CPI   Avg (%)  Max (%) 
  0   60096292501.0  1.02191959041e+11  0.59   92.09    92.09  
  1   50299308668.0    84147359286.0    0.60   77.55    77.55  
  2   14126694350.0    22132426770.0    0.64   23.37    23.37  
  3   27044015909.0    42655821153.0    0.63   34.33    34.33  
  4   24548367173.0    36788080521.0    0.67   35.78    35.78  
  5   27450135633.0    42700710439.0    0.64   42.03    42.03  
  6   24373326220.0    36376520206.0    0.67   42.39    42.39  
  7     60286353.0       11260978.0     5.35    0.13     0.13  
  8   23627730615.0    36216771383.0    0.65   35.81    35.81  
  9   28638144483.0    42917322146.0    0.67   38.47    38.47  
  10  22737722196.0    34749931266.0    0.65   27.32    27.32  
  11  27172586056.0    42625171478.0    0.64   33.84    33.84  
  12  24086045232.0    36361216690.0    0.66   39.87    39.87  
  13  27090576429.0    42632266742.0    0.64   33.79    33.79  
  14  24123253139.0    36352765849.0    0.66   30.80    30.80  
  15  28711164414.0    43041517259.0    0.67   34.70    34.70  
System 2771.72 (MHz) duration 30 (sec) CPU avg. 524.50%
 CPU      Cycles        Instructions    CPI   Avg (%)  Max (%) 
  0   59531509640.0  1.02279503032e+11  0.58   71.59    71.59  
  1   37806789366.0    60913600173.0    0.62   60.49    60.49  
  2   22213362289.0    32744625959.0    0.68   26.47    26.47  
  3   20178058531.0    30851178479.0    0.65   30.09    30.09  
  4   15380334805.0    23020010386.0    0.67   27.52    27.52  
  5   20264428858.0    30808189729.0    0.66   30.44    30.44  
  6   15236777689.0    23045026622.0    0.66   25.76    25.76  
  7    177424357.0       33950631.0     5.23    0.22     0.22  
  8   17091398669.0    25672787448.0    0.67   23.68    23.68  
  9   20397657429.0    30796493646.0    0.66   24.78    24.78  
  10  15802014387.0    22984561138.0    0.69   19.91    19.91  
  11  20279059300.0    30789199946.0    0.66   44.30    44.30  
  12  17398403523.0    25102711184.0    0.69   33.21    33.21  
  13  20226139149.0    30815977712.0    0.66   44.82    44.82  
  14  15693950751.0    23887996014.0    0.66   34.17    34.17  
  15  20108016020.0    30793143554.0    0.65   27.06    27.06  
System 2378.67 (MHz) duration 30 (sec) CPU avg. 448.77%
 CPU      Cycles      Instructions  CPI   Avg (%)  Max (%) 
  0   36711285589.0  58239670690.0  0.63   51.45    51.45  
  1   33133377830.0  46473757571.0  0.71   49.63    49.63  
  2   15687662802.0  20392979674.0  0.77   24.21    24.21  
  3   17529676478.0  23569558925.0  0.74   23.18    23.18  
  4   13935375545.0  18912129634.0  0.74   21.28    21.28  
  5   17359631132.0  23389972446.0  0.74   25.81    25.81  
  6   14968515185.0  20085723031.0  0.75   29.59    29.59  
  7    101552822.0     17488008.0   5.81    0.18     0.18  
  8   14520494537.0  18266697567.0  0.79   19.51    19.51  
  9   17075858084.0  23348197546.0  0.73   21.59    21.59  
  10  37209780722.0  53814664279.0  0.69   50.00    50.00  
  11  16953450411.0  23367239444.0  0.73   25.79    25.79  
  12  18515440593.0  24487217717.0  0.76   23.61    23.61  
  13  18675481582.0  23864930051.0  0.78   38.33    38.33  
  14  14458256882.0  19393123502.0  0.75   17.22    17.22  
  15  16808267315.0  23372089307.0  0.72   27.39    27.39  
