
System 2767.11 (MHz) duration 30 (sec) CPU avg. 112.70%
 CPU     Cycles     Instructions  CPI   Avg (%)  Max (%) 
  0   5014791965.0  4618684510.0  1.09    6.04     6.04  
  1   6171693877.0  8174099420.0  0.76   12.09    12.09  
  2   3634558851.0  3426479800.0  1.06    5.56     5.56  
  3   6209612489.0  8192412622.0  0.76    7.78     7.78  
  4   6235837338.0  5552071167.0  1.12   12.95    12.95  
  5   6250977203.0  8178163213.0  0.76   11.73    11.73  
  6   4514109624.0  4721339630.0  0.96    7.16     7.16  
  7    9015176.0     4054984.0    2.22    0.01     0.01  
  8   6033548039.0  4857134463.0  1.24    9.96     9.96  
  9   3523173405.0  4095039696.0  0.86    7.26     7.26  
  10  4365765555.0  3539812168.0  1.23    7.67     7.67  
  11   9819582.0     1918553.0    5.12    0.01     0.01  
  12  6524968110.0  5682393877.0  1.15   10.15    10.15  
  13   17276591.0    4935369.0    3.50    0.02     0.02  
  14  4969354167.0  4848603124.0  1.02    6.28     6.28  
  15  3473603270.0  4089712825.0  0.85    8.05     8.05  
System 2228.59 (MHz) duration 30 (sec) CPU avg. 116.12%
 CPU     Cycles     Instructions  CPI   Avg (%)  Max (%) 
  0   6226743150.0  5620929045.0  1.11    9.31     9.31  
  1   6183852826.0  8208197647.0  0.75   14.63    14.63  
  2   3813455885.0  3611204869.0  1.06    7.15     7.15  
  3   6229034138.0  8221568446.0  0.76   15.24    15.24  
  4   6689379526.0  5605255340.0  1.19    9.15     9.15  
  5   6258538987.0  8204358708.0  0.76   15.25    15.25  
  6   5704068577.0  4343745300.0  1.31    7.98     7.98  
  7    1775615.0      586391.0    3.03    0.00     0.00  
  8   4116642920.0  4407842906.0  0.93    5.15     5.15  
  9   3531429992.0  4107521273.0  0.86    7.41     7.41  
  10  4436591582.0  4458721231.0  1.00    5.85     5.85  
  11   16699252.0    3991599.0    4.18    0.04     0.04  
  12  5618245730.0  4595333052.0  1.22    8.51     8.51  
  13   9790763.0     2650521.0    3.69    0.01     0.01  
  14  4690127233.0  4772394809.0  0.98    5.59     5.59  
  15  3482424811.0  4102175658.0  0.85    4.86     4.86  
System 2487.66 (MHz) duration 30 (sec) CPU avg. 115.92%
 CPU     Cycles     Instructions  CPI   Avg (%)  Max (%) 
  0   8438677802.0  7660740171.0  1.10   11.31    11.31  
  1   6140660020.0  8159170292.0  0.75   16.13    16.13  
  2   4696253412.0  4559379559.0  1.03    5.88     5.88  
  3   6182708294.0  8170472300.0  0.76   12.12    12.12  
  4   2710886879.0  2869735747.0  0.94    3.46     3.46  
  5   8509165690.0  8717070177.0  0.98   20.04    20.04  
  6   4646330775.0  4527903838.0  1.03    5.53     5.53  
  7    4242119.0     1564364.0    2.71    0.01     0.01  
  8   4911914105.0  4786091239.0  1.03    7.06     7.06  
  9   3491024468.0  4081404227.0  0.86    9.70     9.70  
  10  4604321888.0  4504917026.0  1.02    5.96     5.96  
  11   23176459.0    5882005.0    3.94    0.05     0.05  
  12  3507216536.0  3053816088.0  1.15    4.80     4.80  
  13   3672484.0      859100.0    4.27    0.01     0.01  
  14  5361006944.0  4902257182.0  1.09    9.40     9.40  
  15  3445364740.0  4083314597.0  0.84    4.46     4.46  
System 2068.91 (MHz) duration 30 (sec) CPU avg. 80.90%
 CPU     Cycles     Instructions  CPI   Avg (%)  Max (%) 
  0   2899946725.0  3356759040.0  0.86    4.67     4.67  
  1   6071888205.0  8026169447.0  0.76   11.94    11.94  
  2   4532008552.0  4468877637.0  1.01    5.45     5.45  
  3   6112012182.0  8037157611.0  0.76    7.65     7.65  
  4   3788108227.0  4269615281.0  0.89    4.71     4.71  
  5   6157055566.0  8024008835.0  0.77    7.96     7.96  
  6   4234151995.0  4379943329.0  0.97    5.58     5.58  
  7    1425408.0      454101.0    3.14    0.00     0.00  
  8   4834511809.0  4526822845.0  1.07    6.00     6.00  
  9   3460813394.0  4013712534.0  0.86    4.42     4.42  
  10  6384704137.0  5780667904.0  1.10    7.61     7.61  
  11   22527435.0    5822079.0    3.87    0.04     0.04  
  12  4275053321.0  4355351376.0  0.98    5.87     5.87  
  13   3726456.0      893486.0    4.17    0.01     0.01  
  14  3794877081.0  4058477137.0  0.94    4.84     4.84  
  15  3417195551.0  4014230435.0  0.85    4.12     4.12  
System 1624.61 (MHz) duration 30 (sec) CPU avg. 106.83%
 CPU     Cycles     Instructions  CPI   Avg (%)  Max (%) 
  0   4988866108.0  4722854047.0  1.06   10.24    10.24  
  1   5840433136.0  7513014790.0  0.78   13.77    13.77  
  2   4641531993.0  4611769024.0  1.01    5.55     5.55  
  3   5877504899.0  7522605064.0  0.78    7.17     7.17  
  4   4877336481.0  4774822134.0  1.02    7.03     7.03  
  5   5889769763.0  7502348397.0  0.79   13.95    13.95  
  6   5815006938.0  5143429270.0  1.13    9.75     9.75  
  7    2176433.0      649930.0    3.35    0.01     0.01  
  8   4232375251.0  4106271659.0  1.03    7.25     7.25  
  9   3302292467.0  3746934375.0  0.88    4.43     4.43  
  10  5527346818.0  5039861292.0  1.10    6.59     6.59  
  11   21452413.0    5537562.0    3.87    0.03     0.03  
  12  6567942102.0  6134555339.0  1.07    7.89     7.89  
  13   5303407.0     1165855.0    4.55    0.01     0.01  
  14  3853008287.0  3828364210.0  1.01    4.95     4.95  
  15  3254986028.0  3747364519.0  0.87    8.21     8.21  
System 2479.45 (MHz) duration 30 (sec) CPU avg. 54.81%
 CPU     Cycles     Instructions  CPI   Avg (%)  Max (%) 
  0   3745590905.0  2619086379.0  1.43    5.04     5.04  
  1   2926797370.0  3008320432.0  0.97    6.55     6.55  
  2   2469576518.0  2288893712.0  1.08    3.46     3.46  
  3   2938208080.0  3007292035.0  0.98    3.60     3.60  
  4   2816170451.0  2668930215.0  1.06    3.91     3.91  
  5   3049208127.0  2976959464.0  1.02    7.28     7.28  
  6   2560121913.0  2589355414.0  0.99    4.31     4.31  
  7    3871866.0     1594223.0    2.43    0.01     0.01  
  8   2139690912.0  1563673919.0  1.37    2.68     2.68  
  9   2164144581.0  1474117457.0  1.47    4.40     4.40  
  10  1861229065.0  1868365542.0  1.00    2.23     2.23  
  11   15974877.0    5094891.0    3.14    0.02     0.02  
  12  2097063991.0  1864330099.0  1.12    2.50     2.50  
  13   16174311.0    4221998.0    3.83    0.03     0.03  
  14  2673201462.0  2734740253.0  0.98    3.96     3.96  
  15  2139452486.0  1468747808.0  1.46    4.84     4.84  
System 2155.16 (MHz) duration 30 (sec) CPU avg. 324.31%
 CPU      Cycles      Instructions  CPI   Avg (%)  Max (%) 
  0   50870901974.0  77099116719.0  0.66   78.68    78.68  
  1   24184401097.0  35487570920.0  0.68   37.90    37.90  
  2   10269370786.0  12297274386.0  0.84   13.23    13.23  
  3   23794373920.0  35371740330.0  0.67   39.69    39.69  
  4   10585393137.0  11779811105.0  0.90   15.16    15.16  
  5   24178848464.0  35413636871.0  0.68   50.41    50.41  
  6    8432647347.0   9798197143.0  0.86   10.05    10.05  
  7     6620749.0      1327254.0    4.99    0.01     0.01  
  8    9818602927.0  12163919739.0  0.81   12.69    12.69  
  9   12440552203.0  17824066736.0  0.70   17.13    17.13  
  10   4194284692.0   5130839322.0  0.82    5.42     5.42  
  11    14761956.0     3804914.0    3.88    0.02     0.02  
  12   8019697521.0   9402557877.0  0.85    9.63     9.63  
  13    12395120.0     3027951.0    4.09    0.03     0.03  
  14   5919987692.0   6838260808.0  0.87   13.09    13.09  
  15  13497929656.0  18123965402.0  0.74   21.17    21.17  
System 2555.86 (MHz) duration 30 (sec) CPU avg. 358.44%
 CPU      Cycles      Instructions  CPI   Avg (%)  Max (%) 
  0   18321668653.0  24435619932.0  0.75   23.89    23.89  
  1   27199792796.0  37095413583.0  0.73   53.68    53.68  
  2   10727441907.0  13325029052.0  0.81   12.91    12.91  
  3   24991369595.0  36548702733.0  0.68   39.34    39.34  
  4   14754355707.0  18969041122.0  0.78   17.58    17.58  
  5   25570339570.0  36636960679.0  0.70   68.86    68.86  
  6   15437673451.0  19091522496.0  0.81   22.45    22.45  
  7     2180120.0       698776.0    3.12    0.00     0.00  
  8   14630397113.0  18866650328.0  0.78   18.79    18.79  
  9   12904409713.0  18367017182.0  0.70   16.42    16.42  
  10  15904739587.0  19210144429.0  0.83   19.97    19.97  
  11    19921664.0     5303755.0    3.76    0.03     0.03  
  12  14159959963.0  18649311024.0  0.76   18.11    18.11  
  13    6491728.0      1415289.0    4.59    0.02     0.02  
  14  14916170433.0  19049653333.0  0.78   30.60    30.60  
  15  13274192078.0  18505312843.0  0.72   15.80    15.80  
System 2057.97 (MHz) duration 30 (sec) CPU avg. 370.44%
 CPU      Cycles      Instructions  CPI   Avg (%)  Max (%) 
  0   34737222759.0  48740308624.0  0.71   56.26    56.26  
  1   24738977059.0  36159705372.0  0.68   66.18    66.18  
  2   14815284569.0  17418404027.0  0.85   21.24    21.24  
  3   25204557758.0  36259552126.0  0.70   40.15    40.15  
  4   10615160029.0  12447787674.0  0.85   14.66    14.66  
  5   24815194498.0  36109296442.0  0.69   54.37    54.37  
  6    4642244278.0   5633606344.0  0.82    5.54     5.54  
  7     2272883.0       662122.0    3.43    0.00     0.00  
  8   27878944110.0  33829176009.0  0.82   35.52    35.52  
  9   12737650619.0  18158432389.0  0.70   23.64    23.64  
  10   3252944728.0   3921888557.0  0.83    5.59     5.59  
  11    20057186.0     5242113.0    3.83    0.03     0.03  
  12   8613342317.0  10568809795.0  0.81   10.36    10.36  
  13    7293944.0      1630336.0    4.47    0.01     0.01  
  14  14309414305.0  17334948957.0  0.83   21.31    21.31  
  15  12550114728.0  18148861642.0  0.69   15.58    15.58  
System 1586.48 (MHz) duration 30 (sec) CPU avg. 400.01%
 CPU      Cycles      Instructions  CPI   Avg (%)  Max (%) 
  0   29112853692.0  40856151829.0  0.71   61.17    61.17  
  1   24590673973.0  36234898179.0  0.68   35.94    35.94  
  2   10332878621.0  13277054485.0  0.78   14.87    14.87  
  3   25115230093.0  36351965473.0  0.69   69.77    69.77  
  4   15517336977.0  19043361021.0  0.81   18.71    18.71  
  5   24758989759.0  36215299333.0  0.68   55.48    55.48  
  6   11582028174.0  14571347478.0  0.79   13.81    13.81  
  7     3170244.0       708844.0    4.47    0.01     0.01  
  8   13698007692.0  17545570170.0  0.78   28.16    28.16  
  9   12783943395.0  18224503994.0  0.70   17.20    17.20  
  10  10572624414.0  13334206957.0  0.79   13.77    13.77  
  11    20165580.0     5341004.0    3.78    0.04     0.04  
  12  14461787791.0  17798362251.0  0.81   17.71    17.71  
  13    6520478.0      1480074.0    4.41    0.01     0.01  
  14  10341295443.0  13326768996.0  0.78   15.20    15.20  
  15  16307116222.0  19134784712.0  0.85   38.16    38.16  
System 1900.94 (MHz) duration 30 (sec) CPU avg. 301.13%
 CPU      Cycles      Instructions  CPI   Avg (%)  Max (%) 
  0   57131048938.0  91422258745.0  0.62   100.18   100.18 
  1   20429451035.0  29515605647.0  0.69   26.61    26.61  
  2    5322005639.0   6908406399.0  0.77    6.40     6.40  
  3   20349652586.0  29478136423.0  0.69   24.52    24.52  
  4    5610925702.0   7010678633.0  0.80    7.15     7.15  
  5   20919028887.0  29561342369.0  0.71   46.75    46.75  
  6    6296787827.0   6475527055.0  0.97    7.50     7.50  
  7     76720423.0     12108202.0   6.34    0.10     0.10  
  8    5966437837.0   7046477873.0  0.85   10.88    10.88  
  9   10606417111.0  14799567436.0  0.72   13.36    13.36  
  10   6272116803.0   7474053545.0  0.84    8.21     8.21  
  11    83664274.0     13849668.0   6.04    0.17     0.17  
  12   1361953831.0   1079411558.0  1.26    1.84     1.84  
  13    19211000.0     4922597.0    3.90    0.04     0.04  
  14  10078802956.0  12854735600.0  0.78   23.31    23.31  
  15  10485727507.0  14804353070.0  0.71   24.11    24.11  
System 2766.48 (MHz) duration 30 (sec) CPU avg. 171.43%
 CPU      Cycles      Instructions  CPI   Avg (%)  Max (%) 
  0   14613799407.0  18201387740.0  0.80   17.61    17.61  
  1   11128126800.0  13508614358.0  0.82   21.72    21.72  
  2    8086149874.0   8705805408.0  0.93   11.52    11.52  
  3   10891433763.0  13406873028.0  0.81   14.77    14.77  
  4    9766259047.0  10816669301.0  0.90   14.19    14.19  
  5   10648448484.0  13241449876.0  0.80   13.50    13.50  
  6    9321413760.0  10439271884.0  0.89   11.10    11.10  
  7     3211557.0      1311361.0    2.45    0.00     0.00  
  8    8611060587.0   9870238080.0  0.87   16.00    16.00  
  9    5881478357.0   6666814755.0  0.88   12.71    12.71  
  10   6710785704.0   7020114405.0  0.96    8.53     8.53  
  11    27429080.0     7257297.0    3.78    0.03     0.03  
  12   5662832779.0   5496102297.0  1.03    6.81     6.81  
  13    1321617.0       409031.0    3.23    0.00     0.00  
  14   7273455254.0   7903481879.0  0.92   13.25    13.25  
  15   5814175253.0   6673817249.0  0.87    9.68     9.68  
System 2111.64 (MHz) duration 30 (sec) CPU avg. 540.27%
 CPU      Cycles      Instructions  CPI   Avg (%)  Max (%) 
  0   50858338470.0  82856810324.0  0.61   80.28    80.28  
  1   37486840570.0  58301151961.0  0.64   82.40    82.40  
  2   17402543874.0  23614249650.0  0.74   20.73    20.73  
  3   37691420586.0  58344963563.0  0.65   49.69    49.69  
  4   18044241288.0  23870444996.0  0.76   31.90    31.90  
  5   37806381305.0  58261427618.0  0.65   105.09   105.09 
  6   17556022017.0  23740035475.0  0.74   26.35    26.35  
  7    213651360.0     31887282.0   6.70    0.38     0.38  
  8    9329756828.0  12600582040.0  0.74   11.12    11.12  
  9   19964213450.0  29471740064.0  0.68   24.29    24.29  
  10  17146093997.0  23590639012.0  0.73   27.47    27.47  
  11    63957382.0     14010962.0   4.56    0.08     0.08  
  12  17309604405.0  23648843161.0  0.73   24.26    24.26  
  13    34127760.0     5997604.0    5.69    0.08     0.08  
  14  17507552879.0  23763568711.0  0.74   22.70    22.70  
  15  20118881058.0  29594281181.0  0.68   33.45    33.45  
System 2427.26 (MHz) duration 30 (sec) CPU avg. 440.59%
 CPU      Cycles      Instructions  CPI   Avg (%)  Max (%) 
  0   57259964934.0  96316240100.0  0.59   78.63    78.63  
  1   33245144081.0  51411948498.0  0.65   43.02    43.02  
  2   11452002951.0  16068832052.0  0.71   17.36    17.36  
  3   33050366245.0  51339786529.0  0.64   78.13    78.13  
  4    9242842859.0  12905474280.0  0.72   20.43    20.43  
  5   33257912841.0  51317979448.0  0.65   59.70    59.70  
  6   11532528487.0  16193612245.0  0.71   13.74    13.74  
  7     31840304.0     6374083.0    5.00    0.04     0.04  
  8   11473032737.0  16057882757.0  0.71   20.66    20.66  
  9   18999443105.0  26303407507.0  0.72   28.73    28.73  
  10  11550597102.0  16123549059.0  0.72   22.82    22.82  
  11    43707599.0     7566152.0    5.78    0.10     0.10  
  12  11522827976.0  16122165515.0  0.71   15.99    15.99  
  13    26378532.0     6946733.0    3.80    0.03     0.03  
  14  11621262440.0  16225456660.0  0.72   16.40    16.40  
  15  19265429231.0  26440489573.0  0.73   24.80    24.80  
System 1979.61 (MHz) duration 30 (sec) CPU avg. 480.30%
 CPU      Cycles      Instructions  CPI   Avg (%)  Max (%) 
  0   46980953026.0  80590575964.0  0.58   79.11    79.11  
  1   36564835882.0  56929543465.0  0.64   59.68    59.68  
  2   10806363131.0  14791751961.0  0.73   14.14    14.14  
  3   36913846850.0  56982581090.0  0.65   54.55    54.55  
  4   28028848335.0  41241814077.0  0.68   33.39    33.39  
  5   37195429604.0  56940561364.0  0.65   90.11    90.11  
  6   15422985913.0  20977890798.0  0.74   18.36    18.36  
  7     24393626.0     8600110.0    2.84    0.05     0.05  
  8   15498166008.0  20880736309.0  0.74   21.29    21.29  
  9   19357371090.0  28750644610.0  0.67   23.75    23.75  
  10  10679531667.0  14785550477.0  0.72   12.75    12.75  
  11    12642943.0     3355328.0    3.77    0.03     0.03  
  12  15068695279.0  20868362705.0  0.72   20.79    20.79  
  13    18997754.0     5280097.0    3.60    0.03     0.03  
  14  10806282644.0  14910123285.0  0.72   27.67    27.67  
  15  19736713266.0  28921902249.0  0.68   24.59    24.59  
System 2797.11 (MHz) duration 30 (sec) CPU avg. 477.38%
 CPU      Cycles      Instructions  CPI   Avg (%)  Max (%) 
  0   52708116771.0  85887120174.0  0.61   62.81    62.81  
  1   36651609204.0  56674799464.0  0.65   63.17    63.17  
  2   16974962070.0  22448263626.0  0.76   23.05    23.05  
  3   36934151870.0  56731435429.0  0.65   72.78    72.78  
  4   16834128337.0  22506869960.0  0.75   32.70    32.70  
  5   36803348072.0  56602180764.0  0.65   55.14    55.14  
  6   17021807474.0  22548959278.0  0.75   39.73    39.73  
  7    248465274.0     41066005.0   6.05    0.31     0.31  
  8   16871013411.0  22381105014.0  0.75   20.09    20.09  
  9   19392918012.0  28634818556.0  0.68   24.97    24.97  
  10  16817741695.0  22461746067.0  0.75   20.72    20.72  
  11   181512625.0     32555375.0   5.58    0.42     0.42  
  12  16665458112.0  22429646406.0  0.74   22.91    22.91  
  13    90288005.0     19067358.0   4.74    0.17     0.17  
  14   7396716626.0  10000749012.0  0.74    9.94     9.94  
  15  19204787117.0  28658896266.0  0.67   28.47    28.47  
System 1852.03 (MHz) duration 30 (sec) CPU avg. 429.19%
 CPU      Cycles        Instructions    CPI   Avg (%)  Max (%) 
  0   59950053569.0  1.00274809042e+11  0.60   107.90   107.90 
  1   31155417149.0    46424464081.0    0.67   40.77    40.77  
  2   13139844546.0    18630584370.0    0.71   18.43    18.43  
  3   31007040559.0    46376625940.0    0.67   53.12    53.12  
  4   13955053741.0    19208630026.0    0.73   16.63    16.63  
  5   30956085711.0    46260523370.0    0.67   50.63    50.63  
  6   15964194172.0    20680691855.0    0.77   23.06    23.06  
  7    195217458.0       34255187.0     5.70    0.27     0.27  
  8   13111184849.0    18349087554.0    0.71   16.99    16.99  
  9   16027976334.0    23304823894.0    0.69   20.70    20.70  
  10  14898009483.0    19422351434.0    0.77   38.99    38.99  
  11   191279798.0       33068201.0     5.78    0.42     0.42  
  12  10950314487.0    14456811279.0    0.76   14.54    14.54  
  13   121991046.0       27999071.0     4.36    0.15     0.15  
  14   4644102619.0     6240457593.0    0.74    6.87     6.87  
  15  15868619674.0    23340627819.0    0.68   19.71    19.71  
System 2043.20 (MHz) duration 30 (sec) CPU avg. 296.83%
 CPU      Cycles      Instructions  CPI   Avg (%)  Max (%) 
  0   27150527461.0  38520055272.0  0.70   44.29    44.29  
  1   20527832162.0  27042852537.0  0.76   24.90    24.90  
  2    8724329978.0  11443897830.0  0.76   12.05    12.05  
  3   20596366858.0  26928833854.0  0.76   28.76    28.76  
  4    9253479867.0  11995182091.0  0.77   12.43    12.43  
  5   19958563667.0  26606482267.0  0.75   48.30    48.30  
  6    8743159200.0   9935622021.0  0.88   12.58    12.58  
  7     2050561.0       649935.0    3.16    0.00     0.00  
  8    9441523956.0  12139938221.0  0.78   11.26    11.26  
  9   10461145432.0  13469918788.0  0.78   25.26    25.26  
  10  11188489747.0  12897609417.0  0.87   14.48    14.48  
  11    7472474.0      1544694.0    4.84    0.01     0.01  
  12  27088727128.0  35948976203.0  0.75   32.31    32.31  
  13    19112305.0     5218185.0    3.66    0.02     0.02  
  14  11219421269.0  13797084939.0  0.81   14.16    14.16  
  15  12778965986.0  14069639971.0  0.91   16.01    16.01  
System 1298.59 (MHz) duration 30 (sec) CPU avg. 613.24%
 CPU      Cycles      Instructions  CPI   Avg (%)  Max (%) 
  0   48600073411.0  86044939452.0  0.56   124.75   124.75 
  1   42251961581.0  70124514115.0  0.60   94.61    94.61  
  2   28762072459.0  47048525764.0  0.61   34.62    34.62  
  3   36083365443.0  59137451752.0  0.61   45.64    45.64  
  4   19801283729.0  29275720030.0  0.68   23.86    23.86  
  5   42615517635.0  70062421653.0  0.61   71.86    71.86  
  6   16416393911.0  23992853107.0  0.68   19.56    19.56  
  7    230536673.0     40745633.0   5.66    0.41     0.41  
  8   19254497924.0  28922781716.0  0.67   27.34    27.34  
  9   23005810174.0  35496294469.0  0.65   36.56    36.56  
  10  15880606326.0  23779809760.0  0.67   21.73    21.73  
  11   120841283.0     25423680.0   4.75    0.21     0.21  
  12  15925970884.0  23787820527.0  0.67   21.99    21.99  
  13   7291860230.0  11242814430.0  0.65    9.59     9.59  
  14  13473231692.0  19515160665.0  0.69   20.57    20.57  
  15  23579888004.0  35730995903.0  0.66   59.94    59.94  
System 2157.42 (MHz) duration 30 (sec) CPU avg. 849.18%
 CPU      Cycles      Instructions  CPI   Avg (%)  Max (%) 
  0   52905719269.0  88148037280.0  0.60   81.74    81.74  
  1   54950984410.0  90882604810.0  0.60   131.87   131.87 
  2   29827019563.0  45049880672.0  0.66   81.13    81.13  
  3   28848490707.0  45928179308.0  0.63   41.97    41.97  
  4   22667992726.0  34685340221.0  0.65   52.79    52.79  
  5   31376118506.0  48918062225.0  0.64   57.53    57.53  
  6   23259814507.0  34814901456.0  0.67   60.62    60.62  
  7     43172452.0     6947810.0    6.21    0.09     0.09  
  8   22615311930.0  34663762280.0  0.65   52.16    52.16  
  9   29911644339.0  46037731981.0  0.65   67.07    67.07  
  10  29046412833.0  44802901065.0  0.65   37.85    37.85  
  11  27397104363.0  42980103874.0  0.64   32.83    32.83  
  12  30527476841.0  45193886997.0  0.68   36.42    36.42  
  13  29320692414.0  46005304491.0  0.64   41.36    41.36  
  14  28005801065.0  42275902792.0  0.66   33.37    33.37  
  15  30040749037.0  46200885663.0  0.65   40.37    40.37  
System 2563.12 (MHz) duration 30 (sec) CPU avg. 546.44%
 CPU      Cycles        Instructions    CPI   Avg (%)  Max (%) 
  0   64565464003.0  1.11421432624e+11  0.58   83.97    83.97  
  1   40510676006.0    66794801761.0    0.61   102.70   102.70 
  2   13473170047.0    19820927749.0    0.68   16.23    16.23  
  3   21332245651.0    33756878030.0    0.63   31.36    31.36  
  4   14486693865.0    23131959713.0    0.63   17.27    17.27  
  5   21606632559.0    33757094564.0    0.64   35.71    35.71  
  6   15972406488.0    24650398493.0    0.65   32.14    32.14  
  7     2148075.0         605014.0      3.55    0.00     0.00  
  8   15859065017.0    24626257702.0    0.64   28.87    28.87  
  9   21691189890.0    33753475024.0    0.64   41.58    41.58  
  10  17256271472.0    25369199393.0    0.68   22.63    22.63  
  11  21852140320.0    33815029283.0    0.65   26.75    26.75  
  12  12670167440.0    19631526699.0    0.65   15.24    15.24  
  13  21338466246.0    33731612954.0    0.63   44.26    44.26  
  14  13086967374.0    19756314759.0    0.66   22.13    22.13  
  15  21403450395.0    33758996828.0    0.63   25.60    25.60  
System 2777.66 (MHz) duration 30 (sec) CPU avg. 663.60%
 CPU      Cycles        Instructions    CPI   Avg (%)  Max (%) 
  0   60174318304.0  1.01916146218e+11  0.59   72.21    72.21  
  1   50520834050.0    84267952430.0    0.60   89.18    89.18  
  2   18425904511.0    27439372768.0    0.67   22.32    22.32  
  3   27069831775.0    42710660993.0    0.63   37.33    37.33  
  4   19528980361.0    29440332209.0    0.66   23.27    23.27  
  5   27526513195.0    42769216726.0    0.64   61.72    61.72  
  6   23657816059.0    36475383154.0    0.65   28.43    28.43  
  7    155169648.0       26469049.0     5.86    0.30     0.30  
  8   23703189122.0    36789079326.0    0.64   52.45    52.45  
  9   27494290538.0    42719232305.0    0.64   36.70    36.70  
  10  24244122920.0    36605206407.0    0.66   37.60    37.60  
  11  27495135425.0    42740894269.0    0.64   38.40    38.40  
  12  24405492685.0    36650370035.0    0.67   34.29    34.29  
  13  27015291612.0    42673323614.0    0.63   56.82    56.82  
  14  24345939456.0    36518103835.0    0.67   36.83    36.83  
  15  27132855780.0    42713859036.0    0.64   35.75    35.75  
System 2764.45 (MHz) duration 30 (sec) CPU avg. 679.76%
 CPU      Cycles        Instructions    CPI   Avg (%)  Max (%) 
  0   60082482402.0  1.01170048659e+11  0.59   72.45    72.45  
  1   49576641832.0    80794245711.0    0.61   78.61    78.61  
  2   23759240286.0    36350123499.0    0.65   31.06    31.06  
  3   26582725010.0    41004143382.0    0.65   42.06    42.06  
  4   24405408962.0    36983677901.0    0.66   29.08    29.08  
  5   27354092470.0    41069446912.0    0.67   32.84    32.84  
  6   14461933610.0    21444741864.0    0.67   21.40    21.40  
  7    370825218.0       67684334.0     5.48    0.46     0.46  
  8   34486347077.0    50855139444.0    0.68   77.93    77.93  
  9   27201499833.0    40977408158.0    0.66   43.32    43.32  
  10  33063590108.0    49107581247.0    0.67   44.11    44.11  
  11  27087377142.0    40992900846.0    0.66   64.38    64.38  
  12  24533387611.0    37783843817.0    0.65   33.93    33.93  
  13  27174084423.0    41078197264.0    0.66   41.83    41.83  
  14  24543253058.0    37276519785.0    0.66   30.64    30.64  
  15  26481226714.0    40934677258.0    0.65   35.67    35.67  
System 2732.03 (MHz) duration 30 (sec) CPU avg. 442.77%
 CPU      Cycles      Instructions  CPI   Avg (%)  Max (%) 
  0   52335935826.0  82744510060.0  0.63   63.85    63.85  
  1   30945007324.0  43427954825.0  0.71   74.73    74.73  
  2   10098533781.0  13621568058.0  0.74   12.14    12.14  
  3   16225502906.0  21983325544.0  0.74   23.39    23.39  
  4   16553760064.0  21731322618.0  0.76   22.41    22.41  
  5   15995773590.0  21661207707.0  0.74   19.99    19.99  
  6   12573866827.0  15825243813.0  0.79   21.44    21.44  
  7    190511382.0     28890461.0   6.59    0.23     0.23  
  8   24696746822.0  32369185317.0  0.76   33.76    33.76  
  9   16063353039.0  21720796489.0  0.74   36.97    36.97  
  10  11765912134.0  14970050155.0  0.79   14.56    14.56  
  11  15855049780.0  21840194438.0  0.73   36.50    36.50  
  12  16331505466.0  21763480695.0  0.75   19.81    19.81  
  13  17818722577.0  22249223615.0  0.80   23.52    23.52  
  14  10986333512.0  15084123668.0  0.73   14.21    14.21  
  15  16117406110.0  21946361821.0  0.73   25.25    25.25  
